1.319458958120914183e+01 1.079876313156975298e+00 -9.657821788339492342e-01 1.862000000000000099e+00 4.923000000000000043e+00 1.588000000000000078e+00 -1.509105061700560801e+00
-6.849330424608796264e+00 -8.829752942992502573e-01 -1.065333007439703605e+00 1.743000000000000105e+00 4.980000000000000426e+00 1.689000000000000057e+00 -1.512735379571290339e+00
1.330395910459678888e+01 3.662066952190464075e+00 -8.639449997561045036e-01 1.806999999999999940e+00 4.750000000000000000e+00 1.449999999999999956e+00 -1.515370850936136771e+00
7.020116508529442356e+00 3.804389184767000387e+01 7.922205036336610329e-02 1.772000000000000020e+00 4.293999999999999595e+00 1.596999999999999975e+00 -4.686913636973219610e+00
8.249341610247343581e+00 -1.957907284348707933e+01 -3.323540069843948230e-01 5.829999999999999627e-01 4.849999999999999867e-01 1.679999999999999938e+00 -3.006291190655610013e+00
2.593851802440688559e+01 1.200542862490869567e+01 -8.035554306306154082e-01 2.011000000000000121e+00 5.158999999999999808e+00 1.979000000000000092e+00 -4.682585178542304050e+00
4.942589812383226366e+00 -4.993390358753400982e+00 -1.208909197406472735e+00 1.693999999999999950e+00 4.594000000000000306e+00 1.489000000000000101e+00 -4.652268526136118965e+00
-2.130654117543250514e+00 -1.772927308010792302e+01 -1.123150141555264936e+00 5.060000000000000053e-01 1.879999999999999893e+00 1.205000000000000071e+00 -4.661082519797373536e+00
7.036533540257662089e+00 3.309556568051273473e+01 -4.330860839620339631e-01 1.695999999999999952e+00 4.982999999999999652e+00 1.604000000000000092e+00 -4.656835507675834762e+00
4.016254488393454558e+00 -2.147160130892428498e+01 -7.444431069413989244e-01 5.719999999999999529e-01 2.194999999999999840e+00 1.288999999999999924e+00 -4.672718017311237482e+00
4.444924867633344157e+00 5.085165313930364306e+01 3.747837346012717896e-01 1.848000000000000087e+00 4.612000000000000099e+00 1.570999999999999952e+00 1.002870691609546228e+00
-8.249500407090819110e+00 -1.349720078822558200e+01 -1.252092768995823890e+00 6.590000000000000302e-01 1.868999999999999995e+00 1.185999999999999943e+00 -4.626681769952643464e+00
-2.042826655122041313e+00 -2.099791011590816936e+01 -8.539526953571402457e-01 7.249999999999999778e-01 2.612000000000000099e+00 1.526000000000000023e+00 -1.549160744740192053e+00
9.069607686392876289e+00 -2.112698186852713178e+01 -1.425403759550296356e-01 6.460000000000000187e-01 5.530000000000000471e-01 1.725000000000000089e+00 -3.111010024508937821e+00
1.358635310797875384e+01 1.350321501611219688e+01 -4.539444987563525657e-01 1.854000000000000092e+00 5.019000000000000128e+00 2.000000000000000000e+00 -1.526244353246436702e+00
2.553591003092960676e+01 4.908337156480270913e+00 -1.025574556717173014e+00 2.168000000000000149e+00 5.001000000000000334e+00 1.830999999999999961e+00 -4.647556093796390897e+00
-6.944032196026988402e+00 -8.047025518967846125e+00 -1.156007992507280813e+00 1.598000000000000087e+00 4.304000000000000270e+00 1.485000000000000098e+00 -4.619421136652790416e+00
2.546110943176387309e+01 -2.312692404286131875e+00 -2.872210147720585804e-01 2.290999999999999925e+00 5.791000000000000369e+00 2.980999999999999872e+00 -4.665323709140425379e+00
6.981006696224358876e+00 -2.090240361179833073e+01 2.105825017553973610e-02 7.339999999999999858e-01 8.169999999999999485e-01 1.806999999999999940e+00 -8.895129902990618342e-01
5.463670604411521303e+00 4.675074612263214746e+00 -9.370251919836379839e-01 1.689000000000000057e+00 4.653999999999999915e+00 1.610000000000000098e+00 -4.696571450881118714e+00
1.376810810717230282e+01 8.453617592354412125e+00 -9.836160745897970514e-01 1.860000000000000098e+00 4.982999999999999652e+00 1.602999999999999980e+00 -1.489347756888530938e+00
-1.985014037455004265e+00 -1.872716480635563485e+01 -1.007759198417383706e+00 6.660000000000000364e-01 2.024999999999999911e+00 1.399000000000000021e+00 -4.649444867909473089e+00
-6.354526486792411610e+00 7.523671333802917083e+00 -9.031987009581723402e-01 1.653999999999999915e+00 4.182999999999999829e+00 1.532000000000000028e+00 -1.505759921577664695e+00
5.893779967000980058e+00 9.263644421371337145e+00 -8.581135758961196958e-01 1.643999999999999906e+00 4.674000000000000377e+00 1.534999999999999920e+00 -4.613182053552682405e+00
6.472150667306588723e+00 2.573716152018706183e+01 -4.531904621357939478e-01 1.723999999999999977e+00 4.501000000000000334e+00 1.548999999999999932e+00 -4.645562483040558632e+00
8.414945083473307719e+00 -2.059806426917583977e+01 -2.378978582788956186e-01 6.460000000000000187e-01 5.530000000000000471e-01 1.725000000000000089e+00 -3.111010024508937821e+00
-5.776817455077432939e+00 2.741851535457351119e+01 -8.686380406390666054e-02 1.879000000000000004e+00 5.450999999999999623e+00 2.290999999999999925e+00 -1.560957612647847492e+00
7.664439167638144035e+00 -2.018606416663677194e+01 -1.188483483928560874e-01 6.460000000000000187e-01 5.530000000000000471e-01 1.737000000000000099e+00 -1.508264135709283416e+00
5.943791280777412922e+00 1.177343241080788161e+01 -7.936456259126276613e-01 1.800999999999999934e+00 4.766000000000000014e+00 1.635000000000000009e+00 -4.635007063892640389e+00
-6.180146244256722099e+00 1.327092434084649852e+01 -6.929788064613826570e-01 1.570999999999999952e+00 4.312999999999999723e+00 1.705000000000000071e+00 -4.686195009235065712e+00
-7.215694406279615336e+00 -3.413297426502017284e+00 -1.240296832898039714e+00 1.705999999999999961e+00 4.125000000000000000e+00 1.435999999999999943e+00 -1.505775813704211874e+00
2.660146208719340422e+01 3.649056622643239223e+01 -1.289097428316617611e-01 1.743999999999999995e+00 4.708000000000000185e+00 1.762999999999999901e+00 -4.660765587550688593e+00
3.867061084937473137e+00 -2.004945818707293625e+01 -6.343010653046525782e-01 5.570000000000000506e-01 1.667000000000000037e+00 1.338999999999999968e+00 -4.654240765922537548e+00
-6.940196779217305156e+00 -5.788233263074017643e+00 -1.190079010869742770e+00 1.540000000000000036e+00 4.030999999999999694e+00 1.568000000000000060e+00 -1.498768514296223264e+00
-4.660393239861513770e+00 -1.946124565771359016e+01 -1.036121620745114491e+00 5.949999999999999734e-01 2.367999999999999883e+00 1.320999999999999952e+00 -1.549160744740192053e+00
-6.077564944696828952e+00 1.568532662105712738e+01 -8.523924391733527228e-01 1.639999999999999902e+00 4.902000000000000135e+00 1.401999999999999913e+00 -1.507653534077030288e+00
3.967368094576520399e+00 -1.917821146895297701e+01 -1.081717716740809854e+00 5.719999999999999529e-01 1.961000000000000076e+00 1.288999999999999924e+00 -1.531125363721444588e+00
6.313651722175452896e+00 1.879302235704596669e+01 -5.838785156195400727e-01 1.639000000000000012e+00 4.184000000000000163e+00 1.604000000000000092e+00 -4.626020167764109736e+00
1.322471409089336092e+01 -1.196284517106209755e+00 -8.945755169881861590e-01 1.770999999999999908e+00 4.267999999999999794e+00 1.643000000000000016e+00 -1.536000835787496133e+00
1.422886213214193774e+01 -1.674515958351650369e+01 2.780556613563664459e-01 2.883000000000000007e+00 1.208600000000000030e+01 3.419000000000000039e+00 1.547459680845155283e+00
5.334376703433817646e+00 -4.794970747939559380e-02 -1.024714200925487262e+00 1.671999999999999931e+00 4.477999999999999758e+00 1.596999999999999975e+00 -4.652268526136118965e+00
5.126729878018831954e+00 2.295951523321766441e+00 -1.114657606152467340e+00 1.639999999999999902e+00 4.330000000000000071e+00 1.395999999999999908e+00 -4.687856123888225035e+00
6.188355260534627256e+00 1.398575840580727636e+01 -7.196581157841616116e-01 1.659000000000000030e+00 3.831999999999999851e+00 1.548000000000000043e+00 -4.697929657768442624e+00
