-1.190807746052228211e+01 -2.911741978046791601e+01 -2.281144893939601737e+00 6.209999999999999964e-01 6.470000000000000195e-01 1.778000000000000025e+00 -4.994031594872549995e-02
6.843937281019383256e+00 -4.745949579884774039e+01 -2.079654276329609974e+00 6.879999999999999449e-01 9.439999999999999503e-01 1.903999999999999915e+00 -9.780654213944606212e-02
-7.971183081896509037e+00 -5.308415937934510254e+01 -2.840789112309340503e+00 5.779999999999999583e-01 6.129999999999999893e-01 1.752000000000000002e+00 -3.069289019484824355e-01
-1.677822912805311972e+01 1.868864712052470978e+01 -4.906937795351027920e-01 5.010000000000000009e-01 9.370000000000000551e-01 1.187000000000000055e+00 -9.193492050205254174e-02
6.641881805637891212e+00 -3.639511905843600204e+01 -1.884823757404642697e+00 7.510000000000000009e-01 1.030000000000000027e+00 1.975000000000000089e+00 5.949070175423565310e-02
6.002207759108843632e+00 -2.357310193501508166e+01 -1.979776381884722714e+00 6.199999999999999956e-01 6.949999999999999512e-01 1.590000000000000080e+00 2.941397870009856419e-01
-2.062346584245290870e+01 -2.236844327081999850e+01 -2.336960880249681960e+00 3.449999999999999734e-01 3.310000000000000164e-01 1.326000000000000068e+00 -3.624440218875828013e+00
-2.123218985857604579e+01 1.522873232701838653e+01 -7.739470807265380614e-01 1.731999999999999984e+00 3.553999999999999826e+00 1.683000000000000052e+00 1.429014400845636690e+00
7.202725568484555474e+00 -4.547151268850561223e+01 -2.110881152126897309e+00 6.310000000000000053e-01 6.099999999999999867e-01 1.929000000000000048e+00 -3.270713262341522487e+00
-1.175870099431666915e+01 5.158844418553698574e+00 -1.197243962017879415e+00 5.220000000000000195e-01 5.190000000000000169e-01 1.348000000000000087e+00 -2.825426086642729651e+00
-9.718702311371194114e+00 -4.750712045845788367e+01 -2.674914408015418577e+00 6.969999999999999529e-01 4.979999999999999982e-01 1.760999999999999899e+00 -2.021196843119323905e-01
-4.887155007965473530e+00 1.284420915768630245e+01 -2.561150739507902507e-01 1.953000000000000069e+00 5.030000000000000249e+00 1.671999999999999931e+00 -1.980049288286815923e+00
-5.436721702407384255e-02 -3.469197782572801003e+01 -2.381758328499018695e+00 1.870999999999999996e+00 4.488000000000000433e+00 1.514999999999999902e+00 -3.186750180750929751e+00
-2.004481043680719665e+01 -2.317617544661883144e+01 -2.384296423939759269e+00 4.959999999999999964e-01 3.689999999999999947e-01 1.655999999999999917e+00 -4.091033716333358328e+00
-1.227728431410208643e+01 1.898274232540168072e+01 -2.655165332699762626e-01 6.490000000000000213e-01 8.739999999999999991e-01 1.665999999999999925e+00 -9.640854360603223761e-02
7.399890169705702014e+00 -2.277414086682788863e+01 -1.871466222481742214e+00 5.460000000000000409e-01 4.390000000000000013e-01 1.622000000000000108e+00 3.231041979970084022e-02
-1.445611064668043255e+01 9.874023918275494083e+00 -9.664422013288701541e-01 1.796000000000000041e+00 4.328999999999999737e+00 1.703000000000000069e+00 -1.737944570540752798e+00
-1.989923757341087196e+01 -2.258186690209370440e+01 -2.301285006972063396e+00 6.400000000000000133e-01 3.950000000000000178e-01 1.806999999999999940e+00 -4.684120416689069089e+00
-7.634411281517754944e+00 -2.614371837568364754e+01 -2.087448364240976240e+00 6.119999999999999885e-01 7.359999999999999876e-01 1.877000000000000002e+00 -1.667323517986437853e+00
-1.177984680815278518e+00 -5.187789656642795677e+01 -2.587349751276940335e+00 1.802999999999999936e+00 4.495000000000000107e+00 1.560000000000000053e+00 -1.832683705213034031e-01
-7.590361103508204366e+00 -4.631815750696349987e+00 -1.476027040695655934e+00 1.927999999999999936e+00 4.831999999999999851e+00 1.524999999999999911e+00 1.769816001585011733e-02
6.008512871934992283e+00 7.681389273211600255e+00 -9.296923088545739899e-01 2.949999999999999845e-01 3.049999999999999933e-01 7.650000000000000133e-01 -3.164950397103408086e+00
-1.174791348764404475e+01 1.950399678200091813e+01 -2.541446569701381608e-01 5.729999999999999538e-01 6.500000000000000222e-01 1.762999999999999901e+00 1.236721004190366457e-02
-1.223619889023618157e+01 5.398240113649237060e+00 -1.085707149430614527e+00 5.849999999999999645e-01 6.810000000000000497e-01 1.711000000000000076e+00 -2.725347551332372831e+00
6.369842619032009878e+00 -2.565628089581855775e+01 -1.894289382669770871e+00 6.939999999999999503e-01 8.149999999999999467e-01 1.794000000000000039e+00 2.693332911723864687e-01
6.207136491692579305e+00 -2.120661112005903348e+01 -1.953235144335582651e+00 5.470000000000000417e-01 5.869999999999999662e-01 1.590000000000000080e+00 -3.798617896309575137e-02
6.076575919281411942e+00 4.209585554840393229e+01 1.563958712287053521e+00 1.604000000000000092e+00 3.483999999999999986e+00 1.580000000000000071e+00 -3.088307181311479965e+00
-8.923942524038903201e+00 2.467933159553567180e+01 -6.078860061332141962e-02 1.826000000000000068e+00 4.695000000000000284e+00 1.629000000000000004e+00 2.792321401523589763e-02
7.775382538189012926e+00 -4.507839181806423312e+01 -2.066904155045515168e+00 7.119999999999999662e-01 6.009999999999999787e-01 1.891000000000000014e+00 -3.183336375411660590e+00
4.380950634616104011e+00 1.058008610409287442e+01 -4.803974765976117278e-01 1.889000000000000012e+00 4.759999999999999787e+00 1.530999999999999917e+00 -3.156980626332867246e+00
7.162356199128049994e+00 -2.139955311233167023e+01 -1.735819187827037258e+00 5.380000000000000338e-01 6.740000000000000435e-01 1.794000000000000039e+00 9.445058812369167001e-02
1.011228526838117858e+01 4.190570892390328339e+01 1.585413566740353719e+00 5.639999999999999458e-01 1.806000000000000050e+00 1.342999999999999972e+00 -2.885108423786967968e+00
-1.938095005336347043e+01 9.981332875073849920e+00 -9.631854894304127113e-01 1.627999999999999892e+00 3.895999999999999908e+00 1.725999999999999979e+00 -1.737944570540752798e+00
8.921140619115606185e+00 9.752304057183893704e+00 -2.375214023009282194e-01 7.239999999999999769e-01 8.279999999999999583e-01 1.834999999999999964e+00 -3.134428176297644697e+00
8.960267020579077979e+00 2.877118118518569645e+01 8.019870943825033738e-01 5.600000000000000533e-01 6.979999999999999538e-01 1.743999999999999995e+00 -3.102010949019826214e+00
-7.617579238966142974e+00 5.827782128579194421e+01 2.846286820005345941e+00 2.508999999999999897e+00 6.511999999999999567e+00 3.024000000000000021e+00 4.758719200620031842e-02
1.264288954054372915e+01 2.856774241896436806e+01 1.013951817503432551e+00 1.721999999999999975e+00 4.177999999999999936e+00 1.673000000000000043e+00 -3.139799822779193228e+00
-4.141243051873514602e+00 2.179220146208729858e+01 1.368812035639899449e-01 1.762000000000000011e+00 4.700999999999999623e+00 1.538999999999999924e+00 5.298832169867506714e-02
-1.282484842793635949e+01 -2.924880301915179359e+01 -2.208430123092746999e+00 6.989999999999999547e-01 7.379999999999999893e-01 1.949999999999999956e+00 -1.373157265777067426e-01
7.780631342424957353e+00 -1.442193594126335121e+01 -1.481584136755662362e+00 6.440000000000000169e-01 6.959999999999999520e-01 1.848999999999999977e+00 -3.131357811712083272e+00
8.357204209167656828e+00 1.453830446741869764e+01 -3.247154317253490574e-01 6.660000000000000364e-01 7.800000000000000266e-01 1.800000000000000044e+00 -1.613951263971036276e-02
-8.575575165343286344e+00 3.137293814216176102e+01 7.478062190340132309e-01 1.917000000000000037e+00 4.786999999999999922e+00 1.959999999999999964e+00 6.288174874736540687e-02
