1.584280250439486259e+01 -3.808918589214743133e-01 -8.330932670746867830e-01 1.862000000000000099e+00 4.923000000000000043e+00 1.588000000000000078e+00 -6.566151192067684050e-01
9.683120384418512083e-01 1.313880656915133649e+01 -4.586005538758380351e-01 1.743000000000000105e+00 4.980000000000000426e+00 1.689000000000000057e+00 -6.672279049462344069e-01
1.793142785447026100e+01 9.742067999390864319e-01 -7.020903213963904932e-01 1.806999999999999940e+00 4.750000000000000000e+00 1.449999999999999956e+00 -6.628817756362117564e-01
3.945036545089124047e+01 2.862315105278251082e+01 1.838533110854503327e+00 1.772000000000000020e+00 4.293999999999999595e+00 1.596999999999999975e+00 -3.834427073780336315e+00
2.467871032247365548e+01 -9.299369283779650885e+00 -1.213659230747178741e+00 1.955000000000000071e+00 5.104000000000000092e+00 1.645000000000000018e+00 -3.795065672090967013e+00
-2.790331705011224184e+00 -1.073353544744105292e+01 -8.930621202259922953e-01 5.829999999999999627e-01 4.849999999999999867e-01 1.679999999999999938e+00 -2.152318563297736187e+00
5.822355376920940628e+00 1.575909144178031962e+00 -1.129800529823928201e+00 1.693999999999999950e+00 4.594000000000000306e+00 1.489000000000000101e+00 -3.792796321659922754e+00
-2.941295779641607488e+00 -1.397787359100456150e+01 -9.009271307238749804e-01 6.360000000000000098e-01 5.799999999999999600e-01 1.697000000000000064e+00 -2.065095843688605992e+00
-8.222116267224679476e+00 -1.677654233058711197e+00 -1.282828589662496466e+00 5.060000000000000053e-01 1.879999999999999893e+00 1.205000000000000071e+00 -3.808593950251585536e+00
3.604991959326024897e+01 2.488221781018588175e+01 1.116801551508240564e+00 1.695999999999999952e+00 4.982999999999999652e+00 1.604000000000000092e+00 -3.865441628064339330e+00
-7.232589521063757410e+00 -8.438781233504728974e+00 -1.303015280161314626e+00 5.719999999999999529e-01 2.194999999999999840e+00 1.288999999999999924e+00 -3.820230600466730131e+00
-9.233048115656487198e+00 5.859997905502234872e+00 -1.015944652579615637e+00 6.590000000000000302e-01 1.868999999999999995e+00 1.185999999999999943e+00 -3.844009256673430741e+00
4.081368571362843056e+01 1.919272073143618229e+01 1.500633990640668491e+00 1.812000000000000055e+00 4.288999999999999702e+00 1.711000000000000076e+00 -3.814937498404803229e+00
-1.258330061887416029e+00 -1.647665472844170864e+01 -1.184767261874539512e+00 6.360000000000000098e-01 5.799999999999999600e-01 1.280999999999999917e+00 -2.065095843688605992e+00
2.690131300524192781e+01 -4.035960647806761159e+01 -2.940532923037594504e+00 4.738999999999999879e+00 1.338000000000000078e+00 1.401000000000000023e+00 -6.078918013902964157e-01
-1.074404042680691518e+01 -3.721397157107739773e+00 -9.415612549895436834e-01 7.249999999999999778e-01 2.612000000000000099e+00 1.526000000000000023e+00 -6.966743079887949275e-01
-3.441576778434154438e+00 -1.215914616715525298e+01 -7.364385901334808970e-01 6.460000000000000187e-01 5.530000000000000471e-01 1.725000000000000089e+00 -2.257015059870016938e+00
2.541822161553077208e+01 7.291669895157924408e+00 2.157273548372468444e-02 1.854000000000000092e+00 5.019000000000000128e+00 2.000000000000000000e+00 -6.737565025088532167e-01
2.690751832224076878e+01 -7.462484442006754648e+00 -1.000626420505645875e+00 2.168000000000000149e+00 5.001000000000000334e+00 1.830999999999999961e+00 -3.795065672090967013e+00
2.881263218315323016e+01 -6.133317425712932369e+00 -9.278993983201294649e-01 2.005999999999999783e+00 4.764999999999999680e+00 1.548000000000000043e+00 -3.795065672090967013e+00
-4.455621221986446834e+00 8.329604177205322202e+00 -8.076368553122230676e-01 1.598000000000000087e+00 4.304000000000000270e+00 1.485000000000000098e+00 -3.836748465513387440e+00
2.141936069391913833e+01 -1.217608512385842978e+01 -7.778519633900854435e-01 2.290999999999999925e+00 5.791000000000000369e+00 2.980999999999999872e+00 -3.812835606989274595e+00
-2.014958360008135774e+00 -1.761732547937218030e+01 -9.509064989095346032e-01 6.360000000000000098e-01 5.799999999999999600e-01 1.784999999999999920e+00 -2.065095843688605992e+00
1.105837568427290724e-01 -2.040224789581290921e+01 -1.585041219531489576e+00 8.339999999999999636e-01 1.127999999999999892e+00 1.631999999999999895e+00 -3.520738977729104935e+00
-4.618662980221773573e+00 -7.639320949013312045e+00 -8.166200780852405083e-01 7.339999999999999858e-01 8.169999999999999485e-01 1.806999999999999940e+00 8.731081398790219161e-02
-1.026666130949041467e+00 -1.502197289312021233e+01 -8.418174388860960589e-01 6.360000000000000098e-01 8.639999999999999902e-01 1.836999999999999966e+00 -3.635932008727535525e+00
1.350710430476378399e+01 7.435958824222631769e+00 -4.052892024954174444e-01 1.689000000000000057e+00 4.653999999999999915e+00 1.610000000000000098e+00 -3.833616202688960417e+00
2.179953207832617679e+01 3.780621481329196509e+00 -5.352720086572789748e-01 1.860000000000000098e+00 4.982999999999999652e+00 1.602999999999999980e+00 -6.368543083246556158e-01
2.377710160304309639e+01 5.243663504177089152e+00 -5.200137554059788281e-01 1.858000000000000096e+00 4.863000000000000433e+00 1.627000000000000002e+00 -6.563009102931273153e-01
-8.779090763483010207e+00 -2.566338809312413094e+00 -1.140501029272541711e+00 6.660000000000000364e-01 2.024999999999999911e+00 1.399000000000000021e+00 -3.843503100704353859e+00
7.653938680031953545e+00 1.835884738030074104e+01 1.336908412448132612e-02 1.653999999999999915e+00 4.182999999999999829e+00 1.532000000000000028e+00 -6.602459539002277777e-01
1.717205555164024489e+01 1.026058858670037210e+01 -2.042790959259786487e-01 1.643999999999999906e+00 4.674000000000000377e+00 1.534999999999999920e+00 -3.778149641918720825e+00
2.996338846159710911e+01 2.056680159859093493e+01 7.949915081601860445e-01 1.723999999999999977e+00 4.501000000000000334e+00 1.548999999999999932e+00 -3.793071741865789992e+00
-1.354565462273663368e+00 -1.505407661488188786e+01 -9.671385447141988001e-01 6.360000000000000098e-01 5.799999999999999600e-01 1.826000000000000068e+00 -2.065095843688605992e+00
-3.565424487044908108e+00 -1.135815211196434404e+01 -7.862810280833419929e-01 6.460000000000000187e-01 5.530000000000000471e-01 1.725000000000000089e+00 -2.257015059870016938e+00
2.282525605408148195e+01 3.136826339573073952e+01 1.395885656661137730e+00 1.879000000000000004e+00 5.450999999999999623e+00 2.290999999999999925e+00 -7.067269942547921291e-01
3.911909941568243454e+01 1.749212885676147877e+01 6.313074958164035522e-01 1.935000000000000053e+00 4.493999999999999773e+00 1.536999999999999922e+00 -3.878670367511086958e+00
-3.982819202139928016e+00 -1.036621102170021480e+01 -7.608148690418014004e-01 6.460000000000000187e-01 5.530000000000000471e-01 1.737000000000000099e+00 -6.557740678493476638e-01
1.915779255679037263e+01 1.187612637238658309e+01 -8.550111228602642888e-02 1.800999999999999934e+00 4.766000000000000014e+00 1.635000000000000009e+00 -3.802879476543958859e+00
1.235415480328619076e+01 2.187445429452888490e+01 4.267967311606325476e-01 1.570999999999999952e+00 4.312999999999999723e+00 1.705000000000000071e+00 -3.826732597753824461e+00
4.339841200758450412e+01 6.487253708495184235e+00 8.836393350080339049e-02 1.620000000000000107e+00 4.201999999999999957e+00 1.653000000000000025e+00 -3.812826254138065973e+00
-1.880231144888230954e+00 -1.450571869365435340e+01 -1.025483898842742603e+00 6.360000000000000098e-01 5.799999999999999600e-01 1.697000000000000064e+00 -2.065095843688605992e+00
-2.749035870933597803e+00 -1.250186523223853641e+01 -8.193706940899290192e-01 6.360000000000000098e-01 5.799999999999999600e-01 1.697000000000000064e+00 -2.065095843688605992e+00
8.335588392249789758e-01 -1.621662494498147566e+01 -1.057573169572380234e+00 6.740000000000000435e-01 8.830000000000000071e-01 1.780000000000000027e+00 -3.291906285952520328e+00
-1.032453051599570903e+00 1.172782462932908309e+01 -6.463717443366342463e-01 1.705999999999999961e+00 4.125000000000000000e+00 1.435999999999999943e+00 -6.835195290257236600e-01
-2.094438544903578503e+00 -1.369488895501439885e+01 -9.820290404739061563e-01 6.360000000000000098e-01 5.799999999999999600e-01 1.697000000000000064e+00 -5.641893958586774449e-01
-6.043622456456690273e+00 -7.562919767564286744e+00 -1.288148815874762709e+00 5.570000000000000506e-01 1.667000000000000037e+00 1.338999999999999968e+00 -3.871567402595843976e+00
-2.713848015211633768e+00 9.998403549106511079e+00 -7.060014652967793181e-01 1.540000000000000036e+00 4.030999999999999694e+00 1.568000000000000060e+00 -6.253324512158956461e-01
-4.659328428599010530e-02 -1.575888035678996069e+01 -9.901704139864911935e-01 6.740000000000000435e-01 8.830000000000000071e-01 1.828999999999999959e+00 -3.248211375483919916e+00
-1.130177869514697520e+01 -7.320567779409443698e-01 -1.078824219812315244e+00 5.949999999999999734e-01 2.367999999999999883e+00 1.320999999999999952e+00 -6.966743079887949275e-01
-5.420992308151977745e+00 -7.038582348275019385e+00 -1.273867038847098954e+00 5.719999999999999529e-01 1.961000000000000076e+00 1.288999999999999924e+00 -6.786379468769372370e-01
2.461493944977019410e+01 1.619662618889366001e+01 3.791537316606881092e-01 1.639000000000000012e+00 4.184000000000000163e+00 1.604000000000000092e+00 -3.782335742223612129e+00
1.428172348132325808e+01 -2.143292361553623682e+00 -9.120473806345587020e-01 1.770999999999999908e+00 4.267999999999999794e+00 1.643000000000000016e+00 -7.009679480088153447e-01
8.403356117769945399e+00 -1.812182553561737208e+01 -6.211457744946838888e-01 2.883000000000000007e+00 1.208600000000000030e+01 3.419000000000000039e+00 -4.144896784207936946e+00
9.762300048977367695e+00 4.516419712552416144e+00 -7.129797309046821407e-01 1.671999999999999931e+00 4.477999999999999758e+00 1.596999999999999975e+00 -3.799778812129102512e+00
1.145801123478929817e+01 6.218312435702323171e+00 -6.908498144614513281e-01 1.639999999999999902e+00 4.330000000000000071e+00 1.395999999999999908e+00 -3.835369595851168878e+00
