2.217447278449313686e+01 2.609018337695670819e+00 -7.092822909436196088e-01 1.862000000000000099e+00 4.923000000000000043e+00 1.588000000000000078e+00 1.094549114032444148e+00
3.825246739899288428e+01 1.470809023391961468e+01 -7.383928753250103005e-01 1.743000000000000105e+00 4.980000000000000426e+00 1.689000000000000057e+00 1.108375859895275539e+00
1.236309450343197902e+01 -4.255498686642361861e+00 -9.022077907904505478e-01 1.955000000000000071e+00 5.104000000000000092e+00 1.645000000000000018e+00 -2.043901083120271522e+00
1.565046632340581567e+01 2.311935185911794122e+01 -8.197970389646311307e-02 5.829999999999999627e-01 4.849999999999999867e-01 1.679999999999999938e+00 -4.030611340389154140e-01
1.707294896522279970e+01 -1.310321875760042687e+01 -5.905886406820025636e-01 2.011000000000000121e+00 5.158999999999999808e+00 1.979000000000000092e+00 -2.078939926179686815e+00
2.596456093567233125e+01 1.210897932850530623e+01 -7.977751120584281042e-01 1.693999999999999950e+00 4.594000000000000306e+00 1.489000000000000101e+00 -2.048614770889078951e+00
1.239033885855324613e+01 2.377361083943955933e+01 -1.513490024576389092e-01 6.360000000000000098e-01 5.799999999999999600e-01 1.697000000000000064e+00 -3.158097135344102302e-01
4.373046852735584622e+01 -2.180979773935207788e+01 -9.498089205991440409e-03 1.695999999999999952e+00 4.982999999999999652e+00 1.604000000000000092e+00 -2.096835079270534585e+00
-2.048210860147069212e+01 9.302832320352891315e+00 -1.019759066603870057e+00 5.500000000000000444e-01 1.832999999999999963e+00 1.209999999999999964e+00 -4.075165488472783260e+00
9.945354124362891568e+00 2.251899788425337334e+01 -2.087073693680094044e-01 6.360000000000000098e-01 5.799999999999999600e-01 1.280999999999999917e+00 -3.158097135344102302e-01
-1.874710210390927045e+01 -7.666522992431020755e-01 -1.411446377016894127e+00 4.738999999999999879e+00 1.338000000000000078e+00 1.401000000000000023e+00 1.143273703671762842e+00
2.764646503046713377e+01 -8.416095565655034250e+00 -1.634643010026577692e-01 1.854000000000000092e+00 5.019000000000000128e+00 2.000000000000000000e+00 1.077405126832170712e+00
1.378594582402038071e+01 -6.796115010578711590e+00 -7.686719751902044706e-01 2.168000000000000149e+00 5.001000000000000334e+00 1.830999999999999961e+00 -2.043901083120271522e+00
1.475617940974408171e+01 -8.907337203882752519e+00 -8.241754852988877333e-01 2.005999999999999783e+00 4.764999999999999680e+00 1.548000000000000043e+00 -2.043901083120271522e+00
3.430835243873945473e+01 2.085699582979897215e+01 -1.076421207374943068e+00 1.598000000000000087e+00 4.304000000000000270e+00 1.485000000000000098e+00 -2.103050429513582120e+00
1.011848173145430252e+01 -5.382575057253444761e-01 -2.224810024640539730e-01 2.290999999999999925e+00 5.791000000000000369e+00 2.980999999999999872e+00 -2.044215328340293070e+00
8.970489571276232255e+00 2.346093019228977283e+01 -1.126364049078903556e-01 6.360000000000000098e-01 5.799999999999999600e-01 1.784999999999999920e+00 -3.158097135344102302e-01
-4.857884921697989355e+00 1.931139373086450561e+01 -6.190710377683829035e-01 8.339999999999999636e-01 1.127999999999999892e+00 1.631999999999999895e+00 -1.822048602877127887e+00
2.839585525343418837e+01 2.112665542102955030e+01 -4.809031651516859074e-01 7.339999999999999858e-01 8.169999999999999485e-01 1.806999999999999940e+00 -4.074816595828303356e+00
1.118494699185601959e+01 2.199733366685744684e+01 -2.198573926350399707e-02 6.360000000000000098e-01 8.639999999999999902e-01 1.836999999999999966e+00 -1.849888052118723536e+00
9.383118819414612233e+00 2.235052612144631823e+01 -3.732240159621451059e-01 6.360000000000000098e-01 5.799999999999999600e-01 1.280999999999999917e+00 -3.681614162011517255e-01
-2.001449936209868952e+01 1.008418177815134698e+01 -1.028103169445847564e+00 5.500000000000000444e-01 1.832999999999999963e+00 1.137000000000000011e+00 -3.678713018158553005e+00
1.027017294140859427e+01 2.348431086720692207e+01 6.131037270474388318e-02 6.360000000000000098e-01 5.799999999999999600e-01 1.784999999999999920e+00 -3.158097135344102302e-01
1.107905995464081528e+01 2.264418735082595191e+01 -8.010842748720330142e-02 6.360000000000000098e-01 5.799999999999999600e-01 1.826000000000000068e+00 -3.158097135344102302e-01
-6.155090481371647826e+00 -7.495220480989567058e+00 -9.987145979346799818e-01 4.510000000000000120e-01 8.940000000000000169e-01 1.695000000000000062e+00 -3.561387811409114867e+00
3.581174387307101625e+01 -2.350170355261908384e+01 3.490426045231660029e-02 1.935000000000000053e+00 4.493999999999999773e+00 1.536999999999999922e+00 -2.127528018401929621e+00
1.638923038241410879e+01 2.429562971498806334e+01 1.789188796698031048e-01 6.460000000000000187e-01 5.530000000000000471e-01 1.737000000000000099e+00 1.095390264303799821e+00
1.165917724801164645e+01 2.267854012459409674e+01 -1.158549359397582218e-01 6.360000000000000098e-01 5.799999999999999600e-01 1.697000000000000064e+00 -3.158097135344102302e-01
1.376856502621068046e+01 2.329724686716807014e+01 -5.001294418613644321e-02 6.360000000000000098e-01 5.799999999999999600e-01 1.697000000000000064e+00 -3.158097135344102302e-01
2.997863640614352843e+00 1.674405800408129252e+01 -5.521696797079335139e-01 6.740000000000000435e-01 8.830000000000000071e-01 1.780000000000000027e+00 -2.012389690244497320e+00
1.243826542285404280e+01 2.269857861687717815e+01 2.267330900581885494e-02 6.360000000000000098e-01 5.799999999999999600e-01 1.697000000000000064e+00 1.186969536284554927e+00
1.603873590210859135e+01 -1.083294466205252427e+01 -8.142376316643717971e-01 1.891000000000000014e+00 5.048000000000000043e+00 1.512999999999999901e+00 -2.061359276019870457e+00
3.582158791836183553e+01 1.903851756922607663e+01 -9.064941670435384680e-01 1.540000000000000036e+00 4.030999999999999694e+00 1.568000000000000060e+00 1.073459531740163619e+00
-1.216372079487593005e+01 1.557896575418129181e+01 -6.297290422755235095e-01 8.699999999999999956e-01 1.189000000000000057e+00 1.889000000000000012e+00 -9.605771041577543246e-01
3.262676984781613054e+00 1.765013826818686482e+01 -5.368906827103729906e-01 6.740000000000000435e-01 8.830000000000000071e-01 1.828999999999999959e+00 -1.497515030187714480e+00
1.009418976944660651e+00 -2.351167287273877449e+01 -1.030542330004597273e+00 5.090000000000000080e-01 4.660000000000000253e-01 1.725000000000000089e+00 -3.569100385430235001e+00
-8.258385564949191959e+00 -2.906391898381246897e+00 -8.720969418402946260e-01 4.899999999999999911e-01 7.680000000000000160e-01 1.846000000000000085e+00 -3.538319571342092740e+00
2.086184419241991961e+01 4.457586620896595520e+00 -7.427708205600190849e-01 1.770999999999999908e+00 4.267999999999999794e+00 1.643000000000000016e+00 1.102562361297015681e+00
8.099302333871079895e+00 -1.956611173027355122e+01 -6.070069049857830246e-01 2.883000000000000007e+00 1.208600000000000030e+01 3.419000000000000039e+00 -3.720689589179799306e+00
2.819812729986145072e+01 7.798671356329235138e+00 -7.047187755814615651e-01 1.671999999999999931e+00 4.477999999999999758e+00 1.596999999999999975e+00 -2.048614770889078951e+00
