-1.045056700357650215e+01 2.195899440634300959e+01 -1.747483388326032394e-01 6.209999999999999964e-01 6.470000000000000195e-01 1.778000000000000025e+00 1.197536785784996116e-01
6.126282043721681170e+00 3.187939512989765412e+00 -6.735066508558842369e-01 6.879999999999999449e-01 9.439999999999999503e-01 1.903999999999999915e+00 1.068161923451407258e-01
8.568371087618237070e+00 -2.256599773314865942e+00 -1.206064686722029489e+00 3.940000000000000169e-01 3.410000000000000253e-01 1.322000000000000064e+00 -4.104278460548136387e-01
-1.084644869756366603e+01 -6.281671833763218249e-01 -1.180103004746269280e+00 5.779999999999999583e-01 6.129999999999999893e-01 1.752000000000000002e+00 -1.639507019633597018e-01
-4.298364494307831762e+01 1.337196320976248298e+00 -2.248735202020496260e+00 9.090000000000000302e-01 1.104999999999999982e+00 2.000000000000000000e+00 1.491347296779841791e+00
1.109015920013523804e+01 -2.017283158237586971e+00 -1.358259539842447738e+00 3.930000000000000160e-01 5.070000000000000062e-01 1.149999999999999911e+00 -1.464650055619466817e+00
7.797276545881389964e+00 1.523712699340224930e+01 -2.527116465779789545e-01 7.510000000000000009e-01 1.030000000000000027e+00 1.975000000000000089e+00 1.243229594413437500e-01
8.821373506531372755e+00 2.356992259559315883e+01 2.311941989079101256e-01 6.199999999999999956e-01 6.949999999999999512e-01 1.590000000000000080e+00 2.717808288881387035e-01
5.228923770254920278e+00 4.028585279658282303e+01 1.175981692457888306e+00 2.000999999999999890e+00 4.733999999999999986e+00 1.481000000000000094e+00 -2.987070273367939954e+00
5.668864060041927111e+00 -1.034227575339964567e+01 -1.363763583721444794e+00 6.310000000000000053e-01 6.099999999999999867e-01 1.929000000000000048e+00 -3.311177109844507971e+00
-8.194158812415741622e+00 4.253237155474004538e+01 1.084475145969339138e+00 5.220000000000000195e-01 5.190000000000000169e-01 1.348000000000000087e+00 -3.005312498709394653e+00
-1.033681896097111519e+01 3.837443416730775159e+00 -9.200020632028976797e-01 6.969999999999999529e-01 4.979999999999999982e-01 1.760999999999999899e+00 1.981160368696133212e-02
9.034357749955766792e+00 1.740177176534455938e+01 -2.082020315692064694e-01 6.650000000000000355e-01 7.359999999999999876e-01 1.889999999999999902e+00 -3.022836862474617803e+00
9.843186846222979902e-01 -1.936530202935435341e+01 -2.133559302769080013e+00 1.870999999999999996e+00 4.488000000000000433e+00 1.514999999999999902e+00 -3.228269493411232816e+00
-1.843875699034018112e+01 2.175208396443282410e+01 -3.367292154768654622e-01 4.959999999999999964e-01 3.689999999999999947e-01 1.655999999999999917e+00 -4.218811398571089555e+00
9.892258894248968204e+00 2.401409549824198564e+01 1.814355923620739330e-01 5.460000000000000409e-01 4.390000000000000013e-01 1.622000000000000108e+00 4.034409137834353842e-01
1.540777279572283121e+01 -1.080734635103482333e+00 -1.214750993013897995e+00 5.739999999999999547e-01 4.739999999999999769e-01 2.000000000000000000e+00 1.497143335412220555e+00
-1.796476158717941018e+01 2.301742122051157935e+01 -2.348519061199342839e-01 6.400000000000000133e-01 3.950000000000000178e-01 1.806999999999999940e+00 1.193438098660954960e+00
1.526317725096832056e+01 -3.767869490180439929e-01 -1.221137204107244800e+00 4.889999999999999902e-01 4.909999999999999920e-01 1.850999999999999979e+00 1.497143335412220555e+00
-7.556455497211652883e+00 1.821483378145918763e+01 -2.038482322393946611e-01 6.119999999999999885e-01 7.359999999999999876e-01 1.877000000000000002e+00 -1.103793186935289272e+00
1.757146085387329082e+00 4.858977389575056094e+01 1.825291391794587437e+00 1.802999999999999936e+00 4.495000000000000107e+00 1.560000000000000053e+00 1.612450489968986211e-01
-3.814539342014494849e+00 3.930863840222669126e+01 8.942283171696204791e-01 1.927999999999999936e+00 4.831999999999999851e+00 1.524999999999999911e+00 1.437381030688216210e-01
-8.753094568741284220e+00 4.268151092195261498e+01 1.261721498395068863e+00 5.849999999999999645e-01 6.810000000000000497e-01 1.711000000000000076e+00 -3.132669032410389853e+00
8.721095188579193191e+00 2.063506452220152454e+01 -1.188962865340241065e-01 6.939999999999999503e-01 8.149999999999999467e-01 1.794000000000000039e+00 2.994565049195716533e-01
-7.250632676839348534e+00 -4.226281611280592898e+01 -3.372287227903274509e+00 9.080000000000000293e-01 1.108999999999999986e+00 2.210999999999999854e+00 -3.942186278445936054e-02
6.732320698137141513e+00 -1.024149622882733368e+01 -1.379043188364282635e+00 7.119999999999999662e-01 6.009999999999999787e-01 1.891000000000000014e+00 -3.223684273199852957e+00
-4.905794392899585432e+01 -6.428161042802530423e-01 -2.433444772727090921e+00 7.550000000000000044e-01 1.235000000000000098e+00 2.083000000000000185e+00 1.543978408735133367e+00
-2.973868354840673245e+00 2.313342587487314006e+01 2.286502538705965232e-02 1.997999999999999998e+00 4.926999999999999602e+00 1.792000000000000037e+00 8.519559958728573079e-02
4.222068547296470298e-01 -5.268705989557605562e+01 -3.847639813012541321e+00 2.036999999999999922e+00 4.958000000000000185e+00 1.639000000000000012e+00 -9.726461928028884429e-02
1.105540239988379270e+01 2.508471624368889152e+01 3.669333139609775585e-01 5.380000000000000338e-01 6.740000000000000435e-01 1.794000000000000039e+00 9.811636082454158192e-01
1.336632100628455255e+01 4.365315083438910193e+01 1.811456434398033055e+00 7.239999999999999769e-01 8.279999999999999583e-01 1.834999999999999964e+00 -3.022994423533055031e+00
1.585976269681226114e+01 6.093531856713387640e+01 3.064222171962581509e+00 5.600000000000000533e-01 6.979999999999999538e-01 1.743999999999999995e+00 -3.072222726441708573e+00
-1.459017025899609799e+01 1.453225511972719630e+01 -1.134119724875645385e+00 7.379999999999999893e-01 7.830000000000000293e-01 1.520000000000000018e+00 -4.705375945731427478e+00
-1.134435836495708649e+01 2.217685135310137312e+01 -6.949933375119132783e-02 6.989999999999999547e-01 7.379999999999999893e-01 1.949999999999999956e+00 1.460140043891642314e-01
9.522130263472101674e+00 1.929585891809784925e+01 -9.052096753182035938e-02 6.440000000000000169e-01 6.959999999999999520e-01 1.848999999999999977e+00 -2.944055835556660838e+00
