1.544044746988917716e+01 1.980993398067318001e+00 -9.472150382231068200e-01 1.862000000000000099e+00 4.923000000000000043e+00 1.588000000000000078e+00 1.302589571155485793e-01
1.440331568191567335e+01 2.226149612994765192e+01 -4.476686474168559138e-01 1.743000000000000105e+00 4.980000000000000426e+00 1.689000000000000057e+00 1.309929882456284389e-01
1.785519064154307856e+01 1.781934975158790069e+00 -6.973167404688240811e-01 1.806999999999999940e+00 4.750000000000000000e+00 1.449999999999999956e+00 1.239861983803700607e-01
1.539304600119500144e+01 -1.007774604475454261e+01 -1.151883430746519332e+00 1.955000000000000071e+00 5.104000000000000092e+00 1.645000000000000018e+00 -3.008188578439532357e+00
-5.126992462545655549e+00 8.241956370324372116e+00 -4.855330202611290447e-01 5.829999999999999627e-01 4.849999999999999867e-01 1.679999999999999938e+00 -1.366941024557358109e+00
2.529750186709992477e+01 -1.125248932173200700e+01 -8.149172105724082904e-01 2.011000000000000121e+00 5.158999999999999808e+00 1.979000000000000092e+00 -3.043256549620625862e+00
9.631762289960867918e+00 1.062857031260001150e+01 -9.828659529162173669e-01 1.693999999999999950e+00 4.594000000000000306e+00 1.489000000000000101e+00 -3.004169854970146325e+00
-7.597887872358559669e+00 6.024782882744974088e+00 -5.066185541868996056e-01 6.360000000000000098e-01 5.799999999999999600e-01 1.697000000000000064e+00 -1.279770794696984293e+00
-2.627646328124194852e+00 1.838405797923002538e+01 -9.110231552629626250e-01 5.060000000000000053e-01 1.879999999999999893e+00 1.205000000000000071e+00 -3.014737830633563931e+00
-1.451355272049685574e+01 -2.930730395395180565e+01 -2.080506883244744198e+00 5.500000000000000444e-01 1.832999999999999963e+00 1.209999999999999964e+00 1.244446518912017741e+00
-6.529268928910665792e+00 1.352410862805468739e+01 -1.078520573278145100e+00 5.719999999999999529e-01 2.194999999999999840e+00 1.288999999999999924e+00 -3.033378460953064959e+00
3.033608149354970607e+01 -1.175263299994999855e+01 -7.167915306340401083e-01 1.810000000000000053e+00 4.556000000000000050e+00 1.485000000000000098e+00 -3.043256549620625862e+00
1.935847253653995681e+00 2.440633875422236798e+01 -8.113156017481606419e-01 6.590000000000000302e-01 1.868999999999999995e+00 1.185999999999999943e+00 -3.079023041547948036e+00
-8.028464788510234484e+00 3.215476828727724889e+00 -8.616284331177616052e-01 6.360000000000000098e-01 5.799999999999999600e-01 1.280999999999999917e+00 -1.279770794696984293e+00
-5.150141720117397348e+00 -3.359910135643232820e+01 -2.546269155259818007e+00 4.738999999999999879e+00 1.338000000000000078e+00 1.401000000000000023e+00 1.790258051099056225e-01
-5.713067476153890212e+00 1.889669984987342133e+01 -6.957102393616884095e-01 7.249999999999999778e-01 2.612000000000000099e+00 1.526000000000000023e+00 9.987188491098275556e-02
-7.451121818672690189e+00 7.706980527864211616e+00 -3.596736385187356277e-01 6.460000000000000187e-01 5.530000000000000471e-01 1.725000000000000089e+00 -1.471543475357170561e+00
2.759700580156413707e+01 9.103946747935586226e-01 7.037497696055470403e-03 1.854000000000000092e+00 5.019000000000000128e+00 2.000000000000000000e+00 1.131006173130071346e-01
1.824585407671983717e+01 -1.035473713061020540e+01 -1.003491980261165040e+00 2.168000000000000149e+00 5.001000000000000334e+00 1.830999999999999961e+00 -3.008188578439532357e+00
2.053413465142671157e+01 -1.076093574941081421e+01 -1.039543242428227154e+00 2.005999999999999783e+00 4.764999999999999680e+00 1.548000000000000043e+00 -3.008188578439532357e+00
7.094478611319231298e+00 2.277669382742561410e+01 -8.342705201363674883e-01 1.598000000000000087e+00 4.304000000000000270e+00 1.485000000000000098e+00 -3.049913667330153455e+00
1.103247931799058890e+01 -9.807436280629458381e+00 -5.749685039622792759e-01 2.290999999999999925e+00 5.791000000000000369e+00 2.980999999999999872e+00 -3.020513417958038627e+00
-9.360857208259595552e+00 2.943770233314760176e+00 -6.449882572420465587e-01 6.360000000000000098e-01 5.799999999999999600e-01 1.784999999999999920e+00 -1.279770794696984293e+00
-1.144040374497960499e+01 -5.022292946230144217e+00 -1.334841590287110913e+00 8.339999999999999636e-01 1.127999999999999892e+00 1.631999999999999895e+00 -2.733718369639589696e+00
-1.977159177991105743e+00 1.543925151473081314e+01 -5.765708355582315203e-01 7.339999999999999858e-01 8.169999999999999485e-01 1.806999999999999940e+00 9.656412927347197694e-01
-6.897355581513269662e+00 3.927749222517878724e+00 -5.415518815067987823e-01 6.360000000000000098e-01 8.639999999999999902e-01 1.836999999999999966e+00 -2.813997572595829055e+00
-8.269589031997702122e+00 2.669926572065861592e+00 -9.270120446642701184e-01 6.360000000000000098e-01 5.799999999999999600e-01 1.280999999999999917e+00 -1.332073287790854543e+00
1.939534560503569338e+01 9.691067007113861820e+00 -5.076929299086684333e-01 1.689000000000000057e+00 4.653999999999999915e+00 1.610000000000000098e+00 -3.058705743238130381e+00
-8.641003895483736486e+00 4.028270407930163444e+00 -5.888493282817993668e-01 6.360000000000000098e-01 5.799999999999999600e-01 1.784999999999999920e+00 -1.279770794696984293e+00
2.263757627425738406e+01 1.229818889905252899e+00 -5.404585611729924022e-01 1.860000000000000098e+00 4.982999999999999652e+00 1.602999999999999980e+00 1.500382680767564647e-01
2.779837576536904820e+01 -1.157745181332065521e+01 -7.905220467708157228e-01 1.794000000000000039e+00 4.445999999999999730e+00 1.578999999999999959e+00 -3.043256549620625862e+00
2.507292858455340934e+01 9.000579942451000237e-01 -6.369099812199172650e-01 1.858000000000000096e+00 4.863000000000000433e+00 1.627000000000000002e+00 1.305734690381041840e-01
-3.655258341911929332e+00 1.826600434238701354e+01 -7.790273676515194756e-01 6.660000000000000364e-01 2.024999999999999911e+00 1.399000000000000021e+00 -3.012993636655962870e+00
2.287566752951926574e+01 2.131212098263701193e+01 -1.298149073458733926e-01 1.653999999999999915e+00 4.182999999999999829e+00 1.532000000000000028e+00 1.266246004834239436e-01
2.387366609274429408e+01 9.089495904405881177e+00 -3.644210982162982559e-01 1.643999999999999906e+00 4.674000000000000377e+00 1.534999999999999920e+00 -3.030571302242692333e+00
4.019476034878631765e+01 7.237369041503773026e+00 2.978668822773147817e-01 1.723999999999999977e+00 4.501000000000000334e+00 1.548999999999999932e+00 -3.006192748213072363e+00
-7.420447393660820623e+00 4.291010034063276635e+00 -5.174160397018949809e-01 6.360000000000000098e-01 5.799999999999999600e-01 1.826000000000000068e+00 -1.279770794696984293e+00
1.440019047087709003e+00 -2.640128784096177128e+01 -1.671654577917422335e+00 4.510000000000000120e-01 8.940000000000000169e-01 1.695000000000000062e+00 -4.525252656290957631e+00
-7.173610573371568933e+00 8.572033127449005363e+00 -3.871783414456440031e-01 6.460000000000000187e-01 5.530000000000000471e-01 1.725000000000000089e+00 -1.471543475357170561e+00
4.288578810969966071e+01 1.982638760481250628e+01 8.233297284057188303e-01 1.879000000000000004e+00 5.450999999999999623e+00 2.290999999999999925e+00 9.232519059494515012e-02
4.454252387269105640e+01 -1.789188455276455425e+00 5.021316553589505460e-01 1.935000000000000053e+00 4.493999999999999773e+00 1.536999999999999922e+00 -3.091882858868924888e+00
-6.109133877785930089e+00 9.188157984357459895e+00 -2.543042459472862338e-01 6.460000000000000187e-01 5.530000000000000471e-01 1.737000000000000099e+00 1.311008189087723430e-01
2.635991443295623071e+01 8.479711905541071459e+00 -1.842831912629818714e-01 1.800999999999999934e+00 4.766000000000000014e+00 1.635000000000000009e+00 -3.030571302242692333e+00
2.856938025769965606e+01 2.068293871318088506e+01 2.174185022758903518e-01 1.570999999999999952e+00 4.312999999999999723e+00 1.705000000000000071e+00 -3.057359689159624860e+00
-7.147547071978767264e+00 4.831237706488089145e+00 -5.711791903926494163e-01 6.360000000000000098e-01 5.799999999999999600e-01 1.697000000000000064e+00 -1.279770794696984293e+00
-6.416769844313705562e+00 6.867227197516392323e+00 -4.704000459804997258e-01 6.360000000000000098e-01 5.799999999999999600e-01 1.697000000000000064e+00 -1.279770794696984293e+00
-6.601245042061434809e+00 2.271882583223061303e-01 -8.207724013435229171e-01 6.740000000000000435e-01 8.830000000000000071e-01 1.780000000000000027e+00 -3.011595789510492338e+00
1.207221190132316124e+01 2.284327891565026647e+01 -6.930376641406127414e-01 1.705999999999999961e+00 4.125000000000000000e+00 1.435999999999999943e+00 1.371082732369204304e-01
4.965886656058341941e+01 -1.370693571427957203e+01 1.001779632791111735e-01 1.743999999999999995e+00 4.708000000000000185e+00 1.762999999999999901e+00 -3.052849085111850158e+00
-6.738421955417837061e+00 5.407266018843706945e+00 -5.411621558320376391e-01 6.360000000000000098e-01 5.799999999999999600e-01 1.697000000000000064e+00 2.227611230605781589e-01
2.284674676191670883e+01 -1.080671523557283109e+01 -9.864540244834008043e-01 1.891000000000000014e+00 5.048000000000000043e+00 1.512999999999999901e+00 -3.025661437739034731e+00
-5.298484780931057792e+00 1.269739161247687242e+01 -8.277729766069580331e-01 5.570000000000000506e-01 1.667000000000000037e+00 1.338999999999999968e+00 -3.032353529186822882e+00
3.000243732992559842e+01 -2.125597945293921376e-01 -1.468047013034446402e-01 1.737000000000000099e+00 4.572000000000000064e+00 1.764999999999999902e+00 -3.096757666415641985e+00
7.791482275994071927e+01 1.965996198804780448e+01 4.133349665851573818e+00 1.897999999999999909e+00 4.511000000000000121e+00 1.824000000000000066e+00 -1.663622050257668405e+00
9.357337151291181598e+00 2.275586755746563483e+01 -6.482342479861628037e-01 1.540000000000000036e+00 4.030999999999999694e+00 1.568000000000000060e+00 9.167898625963943893e-02
-1.493050099770801431e+01 -1.889788675148865948e+01 -1.630162971111217773e+00 8.699999999999999956e-01 1.189000000000000057e+00 1.889000000000000012e+00 -1.924147318880725654e+00
-7.261774766348300325e+00 6.456502479775949599e-01 -7.570303700970731908e-01 6.740000000000000435e-01 8.830000000000000071e-01 1.828999999999999959e+00 -2.461299100617521773e+00
-3.997797029613898268e+00 2.141850725113169318e+01 -6.509584105115223673e-01 5.949999999999999734e-01 2.367999999999999883e+00 1.320999999999999952e+00 9.015885855068961341e-02
-1.943222448537800062e+01 -1.626571900648718128e+01 -1.789638996691170325e+00 5.849999999999999645e-01 6.029999999999999805e-01 1.149999999999999911e+00 -1.924147318880725654e+00
1.957546454738605135e+01 -2.925272727364646030e+01 -1.642351550120299875e+00 5.090000000000000080e-01 4.660000000000000253e-01 1.725000000000000089e+00 -4.532958365684422120e+00
-4.313074659460147231e+00 1.274791233150649283e+01 -4.686900482303485438e-01 5.719999999999999529e-01 1.961000000000000076e+00 1.288999999999999924e+00 1.082141926367277129e-01
3.329823171890919298e+01 7.658085487835854188e+00 4.705912906848763733e-02 1.639000000000000012e+00 4.184000000000000163e+00 1.604000000000000092e+00 -3.002355448032883345e+00
1.303537002248844345e+01 1.849769916725441332e+00 -9.291908891770693790e-01 1.770999999999999908e+00 4.267999999999999794e+00 1.643000000000000016e+00 1.208061388670909064e-01
4.073967054132862309e+00 -1.823079682535323442e+01 -8.469707233144211367e-01 2.883000000000000007e+00 1.208600000000000030e+01 3.419000000000000039e+00 -4.193340657532914406e+00
1.453508805965080519e+01 1.006015377753573858e+01 -6.917215918880630365e-01 1.671999999999999931e+00 4.477999999999999758e+00 1.596999999999999975e+00 -3.008535715423146684e+00
1.699214879425210256e+01 9.704055321681000379e+00 -5.940259613851698317e-01 1.639999999999999902e+00 4.330000000000000071e+00 1.395999999999999908e+00 -3.048533321474054425e+00
3.279279709216452687e+01 -1.174166945328553524e+01 -6.179266320725836925e-01 1.802999999999999936e+00 4.657000000000000028e+00 1.497999999999999998e+00 -3.043256549620625862e+00
