-2.850309231167928203e+01 -1.029279716484856522e+01 -2.382064283890899414e+00 2.137999999999999901e+00 4.918000000000000149e+00 1.814999999999999947e+00 -1.745076384909364009e+00
3.060018263616085576e+01 2.469629537302763245e-01 4.554099596638856995e-01 1.770000000000000018e+00 4.136999999999999567e+00 1.889000000000000012e+00 -1.584363079753099424e+00
-1.704830336432817717e+01 8.164620239080260244e-01 -1.774950251214440833e+00 5.010000000000000009e-01 9.370000000000000551e-01 1.187000000000000055e+00 -9.887128893989327594e-02
8.462720996206275492e-01 -4.334393522820246147e+01 -2.010308490591577790e+00 6.199999999999999956e-01 6.949999999999999512e-01 1.590000000000000080e+00 -4.686618408956707782e+00
-2.141566114194236548e+01 -2.864702001675396570e+00 -2.018538960028961160e+00 1.731999999999999984e+00 3.553999999999999826e+00 1.683000000000000052e+00 1.439374423245938672e+00
2.550914593675911846e+01 2.567254216190244165e+01 1.336625741587939231e+00 1.947999999999999954e+00 4.642000000000000348e+00 1.929000000000000048e+00 -4.484061393060390088e-02
2.112022835479124439e+01 1.107426993621020017e+01 5.775055381437892432e-01 1.838999999999999968e+00 5.014999999999999680e+00 2.013999999999999790e+00 -1.138277339913695840e-02
-1.041892930282096508e+01 -5.709354630984861068e+00 -1.847383250177503378e+00 5.220000000000000195e-01 5.190000000000000169e-01 1.348000000000000087e+00 -3.164599520055027426e+00
-2.685047889178477831e+01 -3.857251325780470808e+00 -2.300011632268634809e+00 1.778000000000000025e+00 3.883000000000000007e+00 1.697000000000000064e+00 1.367080975799971565e+00
1.577799761903085951e+01 2.951012590968366922e+01 8.187653384480746421e-01 1.481999999999999984e+00 3.833000000000000185e+00 1.691999999999999948e+00 -1.323287212719814754e-02
7.623228144788473770e+00 -2.440069004512898942e+01 -1.169314616755944947e+00 6.650000000000000355e-01 7.359999999999999876e-01 1.889999999999999902e+00 -3.103526507831237957e+00
1.881133351717465629e+01 1.060727254173419176e+01 1.417211162337353447e-01 1.747999999999999998e+00 4.360999999999999766e+00 1.657000000000000028e+00 -1.138277339913695840e-02
7.040503860172526995e-02 -5.184644718981066092e+01 -2.072514972056075599e+00 1.870999999999999996e+00 4.488000000000000433e+00 1.514999999999999902e+00 -3.184443657940867922e+00
-1.137930199443962032e+01 -8.210188855861339619e+00 -1.863676588678913504e+00 6.490000000000000213e-01 8.739999999999999991e-01 1.665999999999999925e+00 -1.295141317543782034e-01
3.355258925216188626e+00 -4.462310929651043523e+01 -1.874187911854216626e+00 5.460000000000000409e-01 4.390000000000000013e-01 1.622000000000000108e+00 1.439863213337451153e+00
-1.438709481259106227e+01 -8.116432773721836469e+00 -1.942379575524194601e+00 1.796000000000000041e+00 4.328999999999999737e+00 1.703000000000000069e+00 -1.745076384909364009e+00
1.288082756620624458e+01 3.520812429246414865e+01 8.002689915905188967e-01 1.995000000000000107e+00 4.969000000000000306e+00 1.957999999999999963e+00 -3.068630661741145182e-02
1.547693740148373964e-01 -4.250991768519680392e+01 -1.875546780752671117e+00 6.119999999999999885e-01 7.359999999999999876e-01 1.877000000000000002e+00 -2.023582252319460650e+00
-1.179935166663200263e+01 7.823855392212957227e+00 -1.020779012641969796e+00 4.239999999999999880e-01 3.960000000000000187e-01 1.758000000000000007e+00 8.240481218474426939e-02
-7.651915260763325399e+00 -2.266423997913459942e+01 -2.004144604320653222e+00 1.927999999999999936e+00 4.831999999999999851e+00 1.524999999999999911e+00 1.933679695577095181e-02
-1.126372225164825380e+01 -6.798425995026984303e+00 -1.740283121163881397e+00 5.729999999999999538e-01 6.500000000000000222e-01 1.762999999999999901e+00 -9.070421787721216766e-02
1.564384745265230769e+01 3.517683033003499560e+01 1.170860134251764162e+00 1.997000000000000108e+00 5.068999999999999950e+00 1.997999999999999998e+00 -1.323287212719814754e-02
2.082616072756792036e+01 2.911908723093473128e+01 1.111702159840862070e+00 1.796999999999999931e+00 4.440999999999999837e+00 1.923000000000000043e+00 -4.358402015344409186e-02
1.836412231195588518e+01 5.734362690497597503e-01 -7.231811122197667752e-02 1.800999999999999934e+00 4.184000000000000163e+00 1.824000000000000066e+00 -1.584363079753099424e+00
-1.097683533873498618e+01 -5.405253586327965820e+00 -1.682382008578056976e+00 5.849999999999999645e-01 6.810000000000000497e-01 1.711000000000000076e+00 -3.483466095787891348e+00
-3.249131791497997246e-01 -4.461245027658354445e+01 -1.975803203717503731e+00 6.939999999999999503e-01 8.149999999999999467e-01 1.794000000000000039e+00 -4.711382777091870366e+00
2.747465673793413554e+00 -4.276669091487048036e+01 -2.026740053216555371e+00 5.470000000000000417e-01 5.869999999999999662e-01 1.590000000000000080e+00 1.561662587810384917e+00
5.687393196277373164e+00 2.411195702919905060e+01 1.576339494060328278e-02 1.604000000000000092e+00 3.483999999999999986e+00 1.580000000000000071e+00 -3.095444578907352362e+00
-9.161417692429356663e+00 6.723355660617684748e+00 -1.380579913845094486e+00 1.826000000000000068e+00 4.695000000000000284e+00 1.629000000000000004e+00 2.082045818651501179e-02
-3.614747243023347067e+01 -1.158080288928861457e+01 -2.693497835167070420e+00 1.995000000000000107e+00 4.216000000000000192e+00 1.731999999999999984e+00 -1.723707983253218279e+00
-8.431593207404228352e+00 2.503151416397810181e+01 -6.289773347559237671e-01 1.641000000000000014e+00 1.446499999999999986e+01 1.399999999999999911e+00 8.253107696037265129e-03
-7.877951608705150655e+00 4.871859728183096649e+01 6.464874229364667713e-01 1.965999999999999970e+00 5.176000000000000156e+00 1.997999999999999998e+00 4.045754600450801597e-02
-1.155853519019284548e+01 3.186021200819934762e+01 -2.991855995636903964e-01 5.929999999999999716e-01 8.319999999999999618e-01 1.762999999999999901e+00 -3.116670286698386416e+00
7.543993711073696318e+00 -5.559871660466684062e+01 -1.368773120924545061e+00 7.119999999999999662e-01 6.009999999999999787e-01 1.891000000000000014e+00 -3.312496264464295237e+00
4.205718605837008184e+00 -7.162415600881797850e+00 -1.237371475251276776e+00 1.889000000000000012e+00 4.759999999999999787e+00 1.530999999999999917e+00 -3.150933329257096904e+00
4.385249589439704998e+00 -4.399916431923193016e+01 -1.793287374517599897e+00 5.380000000000000338e-01 6.740000000000000435e-01 1.794000000000000039e+00 1.362262237842990498e+00
9.627465823655619204e+00 2.420395389224556837e+01 1.494954710289463640e-01 5.639999999999999458e-01 1.806000000000000050e+00 1.342999999999999972e+00 -2.765889607383914761e+00
-1.960307822126006982e+01 -7.826322356276229186e+00 -2.047393984911680676e+00 1.627999999999999892e+00 3.895999999999999908e+00 1.725999999999999979e+00 -1.745076384909364009e+00
-5.779117069636718895e+00 4.673655138501741391e+01 7.128850173036760385e-01 7.169999999999999707e-01 1.864000000000000101e+00 1.931999999999999940e+00 -8.066542656840480774e-03
5.852917948605472098e+00 3.489408711683650210e+01 5.313488191239570391e-01 1.816999999999999948e+00 4.533999999999999808e+00 1.828999999999999959e+00 -3.130354827445983368e+00
8.361929718388854127e+00 -1.363961415030249258e-01 -6.787125951370432952e-01 7.239999999999999769e-01 8.279999999999999583e-01 1.834999999999999964e+00 -3.112411249534443591e+00
2.585836718365619902e+01 6.078384637521351053e+00 3.164662293278857619e-01 6.700000000000000400e-01 6.430000000000000160e-01 1.766000000000000014e+00 -4.705067782465657267e-01
8.634580695559266772e+00 2.009430729811898431e+01 4.409151575293797365e-02 5.600000000000000533e-01 6.979999999999999538e-01 1.743999999999999995e+00 -3.126584632466157920e+00
-8.146004444859840987e+00 4.028782194948793460e+01 7.219855857200998539e-01 2.508999999999999897e+00 6.511999999999999567e+00 3.024000000000000021e+00 4.045754600450801597e-02
1.236354373416670249e+01 1.049119352973595731e+01 -1.624771367419252099e-01 1.721999999999999975e+00 4.177999999999999936e+00 1.673000000000000043e+00 -3.146866564802007549e+00
-6.167233989105625369e+00 2.369811463835687637e-01 -1.345159413508435486e+00 1.762000000000000011e+00 4.700999999999999623e+00 1.538999999999999924e+00 5.872157516288809553e-01
6.334387470693400246e+00 6.413639863631716764e+01 1.778874408824316466e+00 1.629999999999999893e+00 3.870999999999999996e+00 1.955000000000000071e+00 -3.130354827445983368e+00
8.313261387549770731e+00 -2.448426504990035113e+01 -1.195205589348518282e+00 6.440000000000000169e-01 6.959999999999999520e-01 1.848999999999999977e+00 -3.138436218762460594e+00
1.649174815750690470e+01 1.067969339697790332e+01 9.009768220176359033e-02 1.824999999999999956e+00 4.583000000000000185e+00 1.820999999999999952e+00 -3.152975426988930074e+00
7.535039108855115408e+00 -1.241058874935052891e+01 -1.236602140948338979e+00 6.660000000000000364e-01 7.800000000000000266e-01 1.800000000000000044e+00 9.900657746968311024e-02
6.114941974362121613e+00 4.676326333200768914e+01 9.342239649743160346e-01 1.693000000000000060e+00 4.142999999999999794e+00 1.685000000000000053e+00 -3.130354827445983368e+00
-8.907825307935123504e+00 1.329533790020029649e+01 -7.808446846498324767e-01 1.917000000000000037e+00 4.786999999999999922e+00 1.959999999999999964e+00 5.573134295510739911e-02
5.850336661598982246e+00 2.906456599580968714e+01 2.320198421455784976e-01 1.991999999999999993e+00 4.931000000000000050e+00 1.858000000000000096e+00 -3.182715834229002283e+00
2.378370492267705316e+01 1.131714697320134100e+01 7.966523319276174186e-01 2.000000000000000000e+00 4.929000000000000270e+00 2.004000000000000004e+00 -3.152975426988930074e+00
