-4.693202972412109375e+00 3.077903747558593750e+00 0.000000000000000000e+00 7.433339953422546387e-03
-6.499702453613281250e+00 4.765289306640625000e+00 0.000000000000000000e+00 8.136877790093421936e-03
-4.198341369628906250e+00 2.995346069335937500e+00 0.000000000000000000e+00 9.353135828860104084e-04
-5.100536346435546875e+00 3.253147125244140625e+00 0.000000000000000000e+00 2.035914734005928040e-02
-2.830776214599609375e+00 3.951248168945312500e+00 0.000000000000000000e+00 2.746412754058837891e-01
-3.280899047851562500e+00 2.497081756591796875e+00 0.000000000000000000e+00 9.659155621193349361e-04
-5.315086364746093750e+00 2.482288360595703125e+00 0.000000000000000000e+00 4.246190190315246582e-02
-1.837642669677734375e+00 4.137569427490234375e+00 0.000000000000000000e+00 5.338025465607643127e-02
-2.346847534179687500e+00 3.667568206787109375e+00 0.000000000000000000e+00 2.437543869018554688e-01
-2.094261169433593750e+00 3.253238677978515625e+00 0.000000000000000000e+00 8.370882831513881683e-03
-5.027446746826171875e+00 4.087062835693359375e+00 0.000000000000000000e+00 1.352669205516576767e-03
-4.104434967041015625e+00 3.489746093750000000e+00 0.000000000000000000e+00 4.372776485979557037e-03
-3.239177703857421875e+00 1.679542541503906250e+00 0.000000000000000000e+00 2.364212647080421448e-02
-2.836837768554687500e+00 2.533439636230468750e+00 0.000000000000000000e+00 3.075267076492309570e-01
-3.424835205078125000e+00 3.040023803710937500e+00 0.000000000000000000e+00 3.127621021121740341e-04
-3.371871948242187500e+00 2.112453460693359375e+00 0.000000000000000000e+00 4.146847629726835294e-07
-2.872920989990234375e+00 3.454063415527343750e+00 0.000000000000000000e+00 5.860222699993755668e-06
-2.645305633544921875e+00 4.137290954589843750e+00 0.000000000000000000e+00 1.172987744212150574e-03
-3.547977447509765625e+00 2.414665222167968750e+00 0.000000000000000000e+00 1.128016151596966665e-06
-2.596187591552734375e+00 3.044013977050781250e+00 0.000000000000000000e+00 3.246803146339516388e-07
-5.224208831787109375e+00 3.587799072265625000e+00 0.000000000000000000e+00 3.065177224925719202e-05
-2.676353454589843750e+00 2.144542694091796875e+00 0.000000000000000000e+00 5.008380412618862465e-06
-4.845619201660156250e+00 3.913223266601562500e+00 0.000000000000000000e+00 4.348562185896298615e-07
-3.267494201660156250e+00 3.874450683593750000e+00 0.000000000000000000e+00 4.090877609996823594e-07
-1.817848205566406250e+00 3.838737487792968750e+00 0.000000000000000000e+00 5.931331543251872063e-04
-3.128345489501953125e+00 4.951507568359375000e+00 0.000000000000000000e+00 4.315275291446596384e-04
-4.296951293945312500e+00 1.320907592773437500e+00 0.000000000000000000e+00 5.396591973294562194e-07
-4.615074157714843750e+00 4.928550720214843750e+00 0.000000000000000000e+00 1.075486943591386080e-04
-2.929584503173828125e+00 3.529232025146484375e+00 0.000000000000000000e+00 2.880696229112800211e-06
-4.920989990234375000e+00 4.264759063720703125e+00 0.000000000000000000e+00 8.431741207459708676e-07
-3.896018981933593750e+00 -2.287585639953613281e+01 0.000000000000000000e+00 8.564043790102005005e-03
-5.186622619628906250e+00 -2.102928161621093750e+01 0.000000000000000000e+00 8.454947732388973236e-03
-3.240726470947265625e+00 -2.274420928955078125e+01 0.000000000000000000e+00 1.131607335992157459e-03
-4.290695190429687500e+00 -2.245398712158203125e+01 0.000000000000000000e+00 1.259395480155944824e-02
-2.004749298095703125e+00 -2.199023056030273438e+01 0.000000000000000000e+00 2.708534002304077148e-01
-2.280437469482421875e+00 -2.326734352111816406e+01 0.000000000000000000e+00 1.151478267274796963e-03
-4.421691894531250000e+00 -2.339969444274902344e+01 0.000000000000000000e+00 2.833776362240314484e-02
-1.002117156982421875e+00 -2.172144317626953125e+01 0.000000000000000000e+00 6.383931636810302734e-02
-1.302860260009765625e+00 -2.207482337951660156e+01 0.000000000000000000e+00 2.925195693969726562e-01
-9.739265441894531250e-01 -2.249791145324707031e+01 0.000000000000000000e+00 1.087766513228416443e-02
-4.178047180175781250e+00 -2.179486846923828125e+01 0.000000000000000000e+00 1.035419991239905357e-03
-3.304351806640625000e+00 -2.222643852233886719e+01 0.000000000000000000e+00 8.318747393786907196e-03
-2.196739196777343750e+00 -2.410723686218261719e+01 0.000000000000000000e+00 1.530994661152362823e-02
-1.987430572509765625e+00 -2.318798065185546875e+01 0.000000000000000000e+00 2.740660011768341064e-01
-2.760139465332031250e+00 -2.274324989318847656e+01 0.000000000000000000e+00 3.155907907057553530e-04
-2.355316162109375000e+00 -2.354678916931152344e+01 0.000000000000000000e+00 3.285321383827977115e-07
-1.930282592773437500e+00 -2.238685989379882812e+01 0.000000000000000000e+00 6.815668257331708446e-06
-1.732711791992187500e+00 -2.152465057373046875e+01 0.000000000000000000e+00 1.406202442012727261e-03
-2.706157684326171875e+00 -2.319534301757812500e+01 0.000000000000000000e+00 8.704723768460098654e-07
-1.819961547851562500e+00 -2.257861328125000000e+01 0.000000000000000000e+00 2.257457936138962395e-07
-4.346061706542968750e+00 -2.222794151306152344e+01 0.000000000000000000e+00 3.183598892064765096e-05
-1.633026123046875000e+00 -2.365726470947265625e+01 0.000000000000000000e+00 3.939677299058530480e-06
-3.994907379150390625e+00 -2.194486236572265625e+01 0.000000000000000000e+00 4.376112769932660740e-07
-2.363754272460937500e+00 -2.202276802062988281e+01 0.000000000000000000e+00 5.061553451923828106e-07
-1.077281951904296875e+00 -2.181351089477539062e+01 0.000000000000000000e+00 5.694555002264678478e-04
-2.102497100830078125e+00 -2.111205673217773438e+01 0.000000000000000000e+00 5.321281496435403824e-04
-3.501426696777343750e+00 -2.440123558044433594e+01 0.000000000000000000e+00 5.889675094294943847e-07
-3.633068084716796875e+00 -2.096199798583984375e+01 0.000000000000000000e+00 7.289095810847356915e-05
-1.877590179443359375e+00 -2.224685478210449219e+01 0.000000000000000000e+00 3.524495696183294058e-06
-3.786472320556640625e+00 -2.165671539306640625e+01 0.000000000000000000e+00 8.072295827332709450e-07
3.763683319091796875e+00 3.168385314941406250e+01 0.000000000000000000e+00 8.628926239907741547e-03
2.153759002685546875e+00 3.323252868652343750e+01 0.000000000000000000e+00 6.285792216658592224e-03
4.127670288085937500e+00 3.139447784423828125e+01 0.000000000000000000e+00 1.584477140568196774e-03
3.273578643798828125e+00 3.167506408691406250e+01 0.000000000000000000e+00 1.610354706645011902e-02
5.814384460449218750e+00 3.246622467041015625e+01 0.000000000000000000e+00 2.340198457241058350e-01
5.257041931152343750e+00 3.095551300048828125e+01 0.000000000000000000e+00 1.472928444854915142e-03
2.959362030029296875e+00 3.072590637207031250e+01 0.000000000000000000e+00 4.453321546316146851e-02
6.542434692382812500e+00 3.242922210693359375e+01 0.000000000000000000e+00 4.631383717060089111e-02
6.094173431396484375e+00 3.222661590576171875e+01 0.000000000000000000e+00 2.553126215934753418e-01
6.421203613281250000e+00 3.202104949951171875e+01 0.000000000000000000e+00 5.626594647765159607e-03
2.985736846923828125e+00 3.267082977294921875e+01 0.000000000000000000e+00 1.233029062859714031e-03
4.176063537597656250e+00 3.212786865234375000e+01 0.000000000000000000e+00 2.098939847201108932e-03
5.135982513427734375e+00 3.010916137695312500e+01 0.000000000000000000e+00 2.057473361492156982e-02
5.544036865234375000e+00 3.108547973632812500e+01 0.000000000000000000e+00 3.539185822010040283e-01
4.702777862548828125e+00 3.160224151611328125e+01 0.000000000000000000e+00 2.457192749716341496e-04
5.118652343750000000e+00 3.046763610839843750e+01 0.000000000000000000e+00 3.597906470531597733e-07
5.605377197265625000e+00 3.196623992919921875e+01 0.000000000000000000e+00 5.032622084399918094e-06
5.940219879150390625e+00 3.279478454589843750e+01 0.000000000000000000e+00 9.273713803850114346e-04
4.874351501464843750e+00 3.101840972900390625e+01 0.000000000000000000e+00 8.624881502328207716e-07
5.724281311035156250e+00 3.164733123779296875e+01 0.000000000000000000e+00 1.655061510064115282e-07
3.108085632324218750e+00 3.214421844482421875e+01 0.000000000000000000e+00 4.417628224473446608e-05
5.816940307617187500e+00 3.048564147949218750e+01 0.000000000000000000e+00 4.769614406541222706e-06
3.579399108886718750e+00 3.229350280761718750e+01 0.000000000000000000e+00 1.976848409412923502e-07
5.043315887451171875e+00 3.251937866210937500e+01 0.000000000000000000e+00 2.868550552648230223e-07
6.465469360351562500e+00 3.269543457031250000e+01 0.000000000000000000e+00 7.413405110128223896e-04
5.544517517089843750e+00 3.319232940673828125e+01 0.000000000000000000e+00 2.447311708237975836e-04
4.012466430664062500e+00 2.967764282226562500e+01 0.000000000000000000e+00 5.840007020196935628e-07
3.747303009033203125e+00 3.350282287597656250e+01 0.000000000000000000e+00 7.440170156769454479e-05
5.445293426513671875e+00 3.206202697753906250e+01 0.000000000000000000e+00 2.435427859381888993e-06
3.256515502929687500e+00 3.259442138671875000e+01 0.000000000000000000e+00 3.980689484706090298e-07
3.965126037597656250e+00 3.149548339843750000e+01 0.000000000000000000e+00 9.368515573441982269e-03
1.927463531494140625e+00 3.288899993896484375e+01 0.000000000000000000e+00 7.775753736495971680e-03
4.194648742675781250e+00 3.113771057128906250e+01 0.000000000000000000e+00 1.426923321560025215e-03
3.358634948730468750e+00 3.138010406494140625e+01 0.000000000000000000e+00 2.366752550005912781e-02
5.841762542724609375e+00 3.218051147460937500e+01 0.000000000000000000e+00 2.081196457147598267e-01
5.060665130615234375e+00 3.071759033203125000e+01 0.000000000000000000e+00 1.469627721235156059e-03
3.148265838623046875e+00 3.056948852539062500e+01 0.000000000000000000e+00 6.002789735794067383e-02
6.431217193603515625e+00 3.217243194580078125e+01 0.000000000000000000e+00 3.478459641337394714e-02
5.847084045410156250e+00 3.188558197021484375e+01 0.000000000000000000e+00 2.009883224964141846e-01
6.091053009033203125e+00 3.165812683105468750e+01 0.000000000000000000e+00 5.398362409323453903e-03
3.299575805664062500e+00 3.234946441650390625e+01 0.000000000000000000e+00 2.112633315846323967e-03
4.355464935302734375e+00 3.169564819335937500e+01 0.000000000000000000e+00 1.752100186422467232e-03
5.042751312255859375e+00 2.984720611572265625e+01 0.000000000000000000e+00 3.143968060612678528e-02
5.515396118164062500e+00 3.079940795898437500e+01 0.000000000000000000e+00 4.089461565017700195e-01
5.030475616455078125e+00 3.128469085693359375e+01 0.000000000000000000e+00 2.745712408795952797e-04
4.810127258300781250e+00 3.012278747558593750e+01 0.000000000000000000e+00 8.853155577526194975e-07
5.549255371093750000e+00 3.168303680419921875e+01 0.000000000000000000e+00 6.941559149709064513e-06
5.727890014648437500e+00 3.211581420898437500e+01 0.000000000000000000e+00 9.842743165791034698e-04
4.894176483154296875e+00 3.051851654052734375e+01 0.000000000000000000e+00 1.515729877610283438e-06
5.763999938964843750e+00 3.113316345214843750e+01 0.000000000000000000e+00 4.944403713125211652e-07
3.271499633789062500e+00 3.168503570556640625e+01 0.000000000000000000e+00 5.325079109752550721e-05
5.557888031005859375e+00 3.029180908203125000e+01 0.000000000000000000e+00 6.807057161495322362e-06
3.655040740966796875e+00 3.196331024169921875e+01 0.000000000000000000e+00 5.602262262982549146e-07
5.027835845947265625e+00 3.223555755615234375e+01 0.000000000000000000e+00 6.800501068937592208e-07
6.488124847412109375e+00 3.219077301025390625e+01 0.000000000000000000e+00 8.749059052206575871e-04
5.501182556152343750e+00 3.301105499267578125e+01 0.000000000000000000e+00 3.219888021703809500e-04
4.112071990966796875e+00 2.944200134277343750e+01 0.000000000000000000e+00 9.456221050641033798e-07
3.716941833496093750e+00 3.320854187011718750e+01 0.000000000000000000e+00 1.891339052235707641e-04
5.116188049316406250e+00 3.180172729492187500e+01 0.000000000000000000e+00 4.347671620053006336e-06
3.198913574218750000e+00 3.232543945312500000e+01 0.000000000000000000e+00 9.877436468741507269e-07
-8.270931243896484375e+00 1.632789611816406250e+01 0.000000000000000000e+00 8.320213295519351959e-03
-9.760299682617187500e+00 1.786287689208984375e+01 0.000000000000000000e+00 7.665586657822132111e-03
-7.844619750976562500e+00 1.617575073242187500e+01 0.000000000000000000e+00 1.210839604027569294e-03
-8.666629791259765625e+00 1.633287811279296875e+01 0.000000000000000000e+00 1.520567107945680618e-02
-6.306606292724609375e+00 1.712963867187500000e+01 0.000000000000000000e+00 2.461693733930587769e-01
-6.803157806396484375e+00 1.574112701416015625e+01 0.000000000000000000e+00 1.373830600641667843e-03
-8.844310760498046875e+00 1.550275421142578125e+01 0.000000000000000000e+00 3.055850975215435028e-02
-5.500984191894531250e+00 1.712531280517578125e+01 0.000000000000000000e+00 5.581047013401985168e-02
-5.903186798095703125e+00 1.687807464599609375e+01 0.000000000000000000e+00 2.629030048847198486e-01
-5.641868591308593750e+00 1.659116363525390625e+01 0.000000000000000000e+00 6.868275348097085953e-03
-8.847324371337890625e+00 1.728849029541015625e+01 0.000000000000000000e+00 1.315015950240194798e-03
-7.827651977539062500e+00 1.679208374023437500e+01 0.000000000000000000e+00 2.689789747819304466e-03
-6.828266143798828125e+00 1.488439178466796875e+01 0.000000000000000000e+00 2.082817442715167999e-02
-6.473575592041015625e+00 1.576955413818359375e+01 0.000000000000000000e+00 3.362712264060974121e-01
-7.283397674560546875e+00 1.628889465332031250e+01 0.000000000000000000e+00 3.227721608709543943e-04
-6.820972442626953125e+00 1.531579589843750000e+01 0.000000000000000000e+00 5.508715048563317396e-07
-6.426517486572265625e+00 1.660256958007812500e+01 0.000000000000000000e+00 6.768501407350413501e-06
-6.142803192138671875e+00 1.739141082763671875e+01 0.000000000000000000e+00 1.106083742342889309e-03
-7.175830841064453125e+00 1.581902313232421875e+01 0.000000000000000000e+00 1.303934595853206702e-06
-6.267883300781250000e+00 1.639630126953125000e+01 0.000000000000000000e+00 2.919143184954009484e-07
-8.806007385253906250e+00 1.684137725830078125e+01 0.000000000000000000e+00 5.426306233857758343e-05
-6.195552825927734375e+00 1.530714416503906250e+01 0.000000000000000000e+00 6.746544841007562354e-06
-8.342441558837890625e+00 1.701084899902343750e+01 0.000000000000000000e+00 3.152796637095889309e-07
-6.883583068847656250e+00 1.712390899658203125e+01 0.000000000000000000e+00 4.660113290810841136e-07
-5.565937042236328125e+00 1.724078369140625000e+01 0.000000000000000000e+00 8.395339245907962322e-04
-6.507251739501953125e+00 1.784300231933593750e+01 0.000000000000000000e+00 3.840557183139026165e-04
-7.939495086669921875e+00 1.446167755126953125e+01 0.000000000000000000e+00 8.589385060986387543e-07
-8.139919281005859375e+00 1.807962036132812500e+01 0.000000000000000000e+00 8.137999975588172674e-05
-6.532844543457031250e+00 1.672882080078125000e+01 0.000000000000000000e+00 4.042034561280161142e-06
-8.583942413330078125e+00 1.726390838623046875e+01 0.000000000000000000e+00 5.797862741019343957e-07
2.146602630615234375e+01 -1.697116851806640625e+00 0.000000000000000000e+00 8.839356712996959686e-03
1.983256530761718750e+01 1.141777038574218750e-01 0.000000000000000000e+00 8.272234350442886353e-03
2.189732360839843750e+01 -1.881053924560546875e+00 0.000000000000000000e+00 1.335561042651534081e-03
2.087034606933593750e+01 -1.433845520019531250e+00 0.000000000000000000e+00 1.804937049746513367e-02
2.339818572998046875e+01 -8.988838195800781250e-01 0.000000000000000000e+00 2.388498187065124512e-01
2.292790222167968750e+01 -2.359176635742187500e+00 0.000000000000000000e+00 1.308933016844093800e-03
2.053128814697265625e+01 -2.523094177246093750e+00 0.000000000000000000e+00 5.132353678345680237e-02
2.414987945556640625e+01 -7.928314208984375000e-01 0.000000000000000000e+00 3.420489281415939331e-02
2.386974334716796875e+01 -9.717292785644531250e-01 0.000000000000000000e+00 2.575270235538482666e-01
2.413734436035156250e+01 -1.270526885986328125e+00 0.000000000000000000e+00 5.761975888162851334e-03
2.090704345703125000e+01 -6.930236816406250000e-01 0.000000000000000000e+00 8.004705305211246014e-04
2.195779418945312500e+01 -1.199787139892578125e+00 0.000000000000000000e+00 4.118483047932386398e-03
2.296243286132812500e+01 -3.244022369384765625e+00 0.000000000000000000e+00 1.858369447290897369e-02
2.317697906494140625e+01 -2.138965606689453125e+00 0.000000000000000000e+00 3.495593369007110596e-01
2.242911529541015625e+01 -1.841552734375000000e+00 0.000000000000000000e+00 2.044179273070767522e-04
2.270189666748046875e+01 -2.752037048339843750e+00 0.000000000000000000e+00 2.087737840383852017e-07
2.331641387939453125e+01 -1.314079284667968750e+00 0.000000000000000000e+00 3.243609626224497333e-06
2.346772766113281250e+01 -5.765609741210937500e-01 0.000000000000000000e+00 5.890105967409908772e-04
2.258113098144531250e+01 -2.364776611328125000e+00 0.000000000000000000e+00 4.723253255178860854e-07
2.340234375000000000e+01 -1.621223449707031250e+00 0.000000000000000000e+00 1.031436411835784384e-07
2.081176757812500000e+01 -1.306129455566406250e+00 0.000000000000000000e+00 2.234000385215040296e-05
2.347856140136718750e+01 -2.800926208496093750e+00 0.000000000000000000e+00 2.071179778795340098e-06
2.116277313232421875e+01 -9.928092956542968750e-01 0.000000000000000000e+00 2.326506773897563107e-07
2.279656219482421875e+01 -8.541450500488281250e-01 0.000000000000000000e+00 2.765033002560812747e-07
2.415159606933593750e+01 -6.801376342773437500e-01 0.000000000000000000e+00 3.291401080787181854e-04
2.329933166503906250e+01 -1.725692749023437500e-01 0.000000000000000000e+00 2.264521026518195868e-04
2.161831665039062500e+01 -3.481414794921875000e+00 0.000000000000000000e+00 3.810054636232962366e-07
2.135540008544921875e+01 2.278938293457031250e-01 0.000000000000000000e+00 8.458556840196251869e-05
2.312033081054687500e+01 -1.263282775878906250e+00 0.000000000000000000e+00 1.946595375557080843e-06
2.109410858154296875e+01 -6.235885620117187500e-01 0.000000000000000000e+00 4.753534028623107588e-07
-4.655094146728515625e+00 3.412975311279296875e+00 0.000000000000000000e+00 1.061602961272001266e-02
-6.184249877929687500e+00 5.014926910400390625e+00 0.000000000000000000e+00 7.169460877776145935e-03
-4.187416076660156250e+00 3.311172485351562500e+00 0.000000000000000000e+00 1.356735127046704292e-03
-5.172653198242187500e+00 3.536350250244140625e+00 0.000000000000000000e+00 1.458412222564220428e-02
-2.751586914062500000e+00 4.167430877685546875e+00 0.000000000000000000e+00 2.254673987627029419e-01
-3.242042541503906250e+00 2.899799346923828125e+00 0.000000000000000000e+00 1.296168542467057705e-03
-5.233112335205078125e+00 2.633087158203125000e+00 0.000000000000000000e+00 3.302726522088050842e-02
-1.922389984130859375e+00 4.347682952880859375e+00 0.000000000000000000e+00 3.969422355294227600e-02
-2.370914459228515625e+00 4.026794433593750000e+00 0.000000000000000000e+00 2.700952887535095215e-01
-2.034446716308593750e+00 3.707839965820312500e+00 0.000000000000000000e+00 7.506202440708875656e-03
-5.099163055419921875e+00 4.386390686035156250e+00 0.000000000000000000e+00 1.533602131530642509e-03
-4.189613342285156250e+00 3.808624267578125000e+00 0.000000000000000000e+00 2.895412035286426544e-03
-3.254932403564453125e+00 1.902565002441406250e+00 0.000000000000000000e+00 1.958710700273513794e-02
-2.905162811279296875e+00 2.909847259521484375e+00 0.000000000000000000e+00 3.624277114868164062e-01
-3.599235534667968750e+00 3.411338806152343750e+00 0.000000000000000000e+00 2.887262380681931973e-04
-3.422252655029296875e+00 2.416248321533203125e+00 0.000000000000000000e+00 5.062368586550292093e-07
-2.870571136474609375e+00 3.672679901123046875e+00 0.000000000000000000e+00 7.012030437181238085e-06
-2.639389038085937500e+00 4.365398406982421875e+00 0.000000000000000000e+00 1.048052799887955189e-03
-3.584758758544921875e+00 2.843009948730468750e+00 0.000000000000000000e+00 1.071930341822735500e-06
-2.711856842041015625e+00 3.402847290039062500e+00 0.000000000000000000e+00 3.081388229020376457e-07
-5.117443084716796875e+00 3.787509918212890625e+00 0.000000000000000000e+00 4.255520980223082006e-05
-2.669502258300781250e+00 2.376083374023437500e+00 0.000000000000000000e+00 5.731021246901946142e-06
-4.847682952880859375e+00 4.065582275390625000e+00 0.000000000000000000e+00 3.939795476526342100e-07
-3.356121063232421875e+00 4.204689025878906250e+00 0.000000000000000000e+00 5.495385266840457916e-07
-1.999763488769531250e+00 4.329994201660156250e+00 0.000000000000000000e+00 8.411476737819612026e-04
-2.897201538085937500e+00 5.022048950195312500e+00 0.000000000000000000e+00 4.063468950334936380e-04
-4.340217590332031250e+00 1.549362182617187500e+00 0.000000000000000000e+00 6.379618184837454464e-07
-4.524589538574218750e+00 5.210178375244140625e+00 0.000000000000000000e+00 9.590907575329765677e-05
-3.035861968994140625e+00 3.908782958984375000e+00 0.000000000000000000e+00 3.771223646253929473e-06
-4.994956970214843750e+00 4.348770141601562500e+00 0.000000000000000000e+00 6.315228233688685577e-07
-2.642593383789062500e-01 -2.522064971923828125e+01 0.000000000000000000e+00 7.332793436944484711e-03
-1.553958892822265625e+00 -2.335547065734863281e+01 0.000000000000000000e+00 6.498527247458696365e-03
4.523925781250000000e-01 -2.518894958496093750e+01 0.000000000000000000e+00 9.136380394920706749e-04
-7.880210876464843750e-01 -2.472076797485351562e+01 0.000000000000000000e+00 1.135513558983802795e-02
1.641929626464843750e+00 -2.437515830993652344e+01 0.000000000000000000e+00 2.632970809936523438e-01
1.248191833496093750e+00 -2.567670059204101562e+01 0.000000000000000000e+00 8.867478463798761368e-04
-8.523101806640625000e-01 -2.588932037353515625e+01 0.000000000000000000e+00 3.211979940533638000e-02
2.482707977294921875e+00 -2.405408859252929688e+01 0.000000000000000000e+00 3.527796268463134766e-02
2.213562011718750000e+00 -2.441767883300781250e+01 0.000000000000000000e+00 2.702578306198120117e-01
2.600482940673828125e+00 -2.473635101318359375e+01 0.000000000000000000e+00 9.856094606220722198e-03
-5.466156005859375000e-01 -2.417030334472656250e+01 0.000000000000000000e+00 8.428434375673532486e-04
3.724288940429687500e-01 -2.467696380615234375e+01 0.000000000000000000e+00 5.986850243061780930e-03
1.357723236083984375e+00 -2.661451148986816406e+01 0.000000000000000000e+00 1.347175519913434982e-02
1.525485992431640625e+00 -2.556002426147460938e+01 0.000000000000000000e+00 3.395710587501525879e-01
9.076614379882812500e-01 -2.511882019042968750e+01 0.000000000000000000e+00 2.568009949754923582e-04
1.048622131347656250e+00 -2.598390388488769531e+01 0.000000000000000000e+00 2.645575420956447488e-07
1.592704772949218750e+00 -2.477306365966796875e+01 0.000000000000000000e+00 3.751880740310298279e-06
1.809188842773437500e+00 -2.411018943786621094e+01 0.000000000000000000e+00 9.201866341754794121e-04
8.708572387695312500e-01 -2.568758773803710938e+01 0.000000000000000000e+00 6.210540277606924064e-07
1.844108581542968750e+00 -2.501601028442382812e+01 0.000000000000000000e+00 1.644363152308869758e-07
-7.717666625976562500e-01 -2.479550170898437500e+01 0.000000000000000000e+00 2.362248960707802325e-05
1.892433166503906250e+00 -2.617930793762207031e+01 0.000000000000000000e+00 3.171472371832351200e-06
-4.577064514160156250e-01 -2.439314651489257812e+01 0.000000000000000000e+00 3.789702418544038665e-07
1.206390380859375000e+00 -2.434709739685058594e+01 0.000000000000000000e+00 4.816225782633409835e-07
2.521915435791015625e+00 -2.411188507080078125e+01 0.000000000000000000e+00 5.117221153341233730e-04
1.679698944091796875e+00 -2.351737785339355469e+01 0.000000000000000000e+00 5.057094967924058437e-04
7.113265991210937500e-02 -2.690218925476074219e+01 0.000000000000000000e+00 4.380224538635957288e-07
-8.253097534179687500e-02 -2.321591949462890625e+01 0.000000000000000000e+00 1.012757129501551390e-04
1.535362243652343750e+00 -2.454126358032226562e+01 0.000000000000000000e+00 2.696575620575458743e-06
-3.285713195800781250e-01 -2.408018875122070312e+01 0.000000000000000000e+00 6.024359890943742357e-07
-9.156112670898437500e+00 3.261341857910156250e+01 0.000000000000000000e+00 7.511677220463752747e-03
-1.076825332641601562e+01 3.407544708251953125e+01 0.000000000000000000e+00 6.167666055262088776e-03
-8.730300903320312500e+00 3.232976531982421875e+01 0.000000000000000000e+00 1.341913128271698952e-03
-9.602973937988281250e+00 3.254536437988281250e+01 0.000000000000000000e+00 1.680070720613002777e-02
-7.133052825927734375e+00 3.338705444335937500e+01 0.000000000000000000e+00 2.424871921539306641e-01
-7.704753875732421875e+00 3.188098144531250000e+01 0.000000000000000000e+00 1.182786072604358196e-03
-9.849491119384765625e+00 3.165829467773437500e+01 0.000000000000000000e+00 4.248197749257087708e-02
-6.350288391113281250e+00 3.339779663085937500e+01 0.000000000000000000e+00 4.674014076590538025e-02
-6.854022979736328125e+00 3.306681823730468750e+01 0.000000000000000000e+00 2.457324117422103882e-01
-6.543903350830078125e+00 3.285060882568359375e+01 0.000000000000000000e+00 6.366714369505643845e-03
-9.836532592773437500e+00 3.354868316650390625e+01 0.000000000000000000e+00 1.280050259083509445e-03
-8.666980743408203125e+00 3.299787139892578125e+01 0.000000000000000000e+00 1.856943010352551937e-03
-7.850452423095703125e+00 3.105415344238281250e+01 0.000000000000000000e+00 2.115028165280818939e-02
-7.331485748291015625e+00 3.191519165039062500e+01 0.000000000000000000e+00 3.562071323394775391e-01
-8.111824035644531250e+00 3.251577758789062500e+01 0.000000000000000000e+00 3.104490169789642096e-04
-7.796939849853515625e+00 3.140771484375000000e+01 0.000000000000000000e+00 4.158117121733084787e-07
-7.374046325683593750e+00 3.284978485107421875e+01 0.000000000000000000e+00 5.464050445880275220e-06
-6.989700317382812500e+00 3.360236358642578125e+01 0.000000000000000000e+00 9.674438042566180229e-04
-8.051502227783203125e+00 3.193204498291015625e+01 0.000000000000000000e+00 1.095536731554602738e-06
-7.128189086914062500e+00 3.251642608642578125e+01 0.000000000000000000e+00 2.381908075221872423e-07
-9.777942657470703125e+00 3.306419372558593750e+01 0.000000000000000000e+00 4.850425830227322876e-05
-7.079547882080078125e+00 3.141445922851562500e+01 0.000000000000000000e+00 6.388134352164342999e-06
-9.275512695312500000e+00 3.321522521972656250e+01 0.000000000000000000e+00 2.373889316231725388e-07
-7.832710266113281250e+00 3.342481994628906250e+01 0.000000000000000000e+00 3.076280563618638553e-07
-6.396205902099609375e+00 3.354029083251953125e+01 0.000000000000000000e+00 9.394616936333477497e-04
-7.410575866699218750e+00 3.415415954589843750e+01 0.000000000000000000e+00 3.163671353831887245e-04
-8.817359924316406250e+00 3.054930877685546875e+01 0.000000000000000000e+00 6.342530696201720275e-07
-9.094215393066406250e+00 3.437615966796875000e+01 0.000000000000000000e+00 9.214792953571304679e-05
-7.461593627929687500e+00 3.299095916748046875e+01 0.000000000000000000e+00 2.764539203781168908e-06
-9.617183685302734375e+00 3.348767852783203125e+01 0.000000000000000000e+00 4.524216308254835894e-07
6.733169555664062500e-01 4.145329284667968750e+01 0.000000000000000000e+00 3.270067973062396049e-03
-1.222202301025390625e+00 4.330929565429687500e+01 0.000000000000000000e+00 2.970572561025619507e-03
1.207786560058593750e+00 4.120426940917968750e+01 0.000000000000000000e+00 1.094567007385194302e-03
2.671356201171875000e-01 4.180825042724609375e+01 0.000000000000000000e+00 2.144817635416984558e-02
2.900608062744140625e+00 4.249447631835937500e+01 0.000000000000000000e+00 3.024549186229705811e-01
2.344421386718750000e+00 4.042777252197265625e+01 0.000000000000000000e+00 5.931113846600055695e-04
-4.967956542968750000e-01 4.059255218505859375e+01 0.000000000000000000e+00 1.510751694440841675e-01
3.769851684570312500e+00 4.259178161621093750e+01 0.000000000000000000e+00 4.760791361331939697e-02
3.041469573974609375e+00 4.208651733398437500e+01 0.000000000000000000e+00 1.981562674045562744e-01
3.605403900146484375e+00 4.190663146972656250e+01 0.000000000000000000e+00 7.810009177774190903e-03
-2.279968261718750000e-01 4.265151977539062500e+01 0.000000000000000000e+00 6.227763369679450989e-04
1.401897430419921875e+00 4.208834838867187500e+01 0.000000000000000000e+00 3.126302966848015785e-03
2.062744140625000000e+00 3.990859222412109375e+01 0.000000000000000000e+00 1.628022827208042145e-02
2.678646087646484375e+00 4.077040863037109375e+01 0.000000000000000000e+00 2.418746501207351685e-01
2.132717132568359375e+00 4.158266448974609375e+01 0.000000000000000000e+00 1.739615836413577199e-04
2.103298187255859375e+00 4.031509399414062500e+01 0.000000000000000000e+00 7.461499507144253585e-08
2.542831420898437500e+00 4.217108154296875000e+01 0.000000000000000000e+00 1.223713866238540504e-06
3.162208557128906250e+00 4.292195129394531250e+01 0.000000000000000000e+00 8.151743677444756031e-04
1.871341705322265625e+00 4.060449218750000000e+01 0.000000000000000000e+00 2.898185869071312482e-07
2.928310394287109375e+00 4.138842773437500000e+01 0.000000000000000000e+00 3.633418543813604629e-08
-4.350776672363281250e-01 4.211982727050781250e+01 0.000000000000000000e+00 9.454167411604430526e-06
2.979999542236328125e+00 4.025681304931640625e+01 0.000000000000000000e+00 1.501589395047631115e-06
4.038391113281250000e-01 4.237525177001953125e+01 0.000000000000000000e+00 6.856826217926936806e-08
2.055320739746093750e+00 4.256119537353515625e+01 0.000000000000000000e+00 7.855192762917795335e-08
3.754478454589843750e+00 4.275462341308593750e+01 0.000000000000000000e+00 3.285038401372730732e-04
2.409545898437500000e+00 4.348826599121093750e+01 0.000000000000000000e+00 1.994946214836090803e-04
1.051128387451171875e+00 3.938983917236328125e+01 0.000000000000000000e+00 1.500341966220730683e-07
5.490875244140625000e-01 4.372608947753906250e+01 0.000000000000000000e+00 8.455952774966135621e-05
2.597141265869140625e+00 4.208110046386718750e+01 0.000000000000000000e+00 4.428584361448884010e-07
2.497978210449218750e-01 4.276582336425781250e+01 0.000000000000000000e+00 2.103710841083739069e-07
