1.523493586905802744e+01 -1.330969034502126780e+00 -9.039398879025429823e-01 1.862000000000000099e+00 4.923000000000000043e+00 1.588000000000000078e+00 8.540664273601716872e-02
1.262511896692132929e+01 1.881152231038273470e+01 -1.228584846162924932e-01 1.743000000000000105e+00 4.980000000000000426e+00 1.689000000000000057e+00 2.494106985240795993e-02
1.623078481526581385e+01 -1.347910239743093896e+01 -1.339837436452985697e+00 1.955000000000000071e+00 5.104000000000000092e+00 1.645000000000000018e+00 -3.088010525620080493e+00
-5.694569823057904046e+00 3.185614848585049952e+00 -6.399180881883693717e-01 5.829999999999999627e-01 4.849999999999999867e-01 1.679999999999999938e+00 -1.446263571699888395e+00
2.620023985573033443e+01 -1.387900487701098662e+01 -7.751222843802985096e-01 2.011000000000000121e+00 5.158999999999999808e+00 1.979000000000000092e+00 -3.123103486813536556e+00
8.819157818476213606e+00 6.775301611518293576e+00 -9.077107157732755560e-01 1.693999999999999950e+00 4.594000000000000306e+00 1.489000000000000101e+00 -3.092731646291879244e+00
-7.934302873031752412e+00 7.584785075148953171e-01 -6.764974090030863030e-01 6.360000000000000098e-01 5.799999999999999600e-01 1.697000000000000064e+00 -1.359166336908027795e+00
-3.988500840874199760e+00 1.357015067048085477e+01 -8.754162660904485360e-01 5.060000000000000053e-01 1.879999999999999893e+00 1.205000000000000071e+00 -3.101561814133356965e+00
4.708861621472844661e+01 5.013583380662042011e+00 5.996591567510123344e-01 1.695999999999999952e+00 4.982999999999999652e+00 1.604000000000000092e+00 -3.158509346572937915e+00
-7.490800753491420494e+00 8.196585275624647338e+00 -1.028570662975064387e+00 5.719999999999999529e-01 2.194999999999999840e+00 1.288999999999999924e+00 -3.113218504000241804e+00
3.126221027905450711e+01 -1.397639755101081782e+01 -6.873720681867161453e-01 1.810000000000000053e+00 4.556000000000000050e+00 1.485000000000000098e+00 -3.123103486813536556e+00
7.341424130757909228e-02 1.989779286469451591e+01 -6.625850485720339300e-01 6.590000000000000302e-01 1.868999999999999995e+00 1.185999999999999943e+00 -3.167635866360980934e+00
-8.163949108070804428e+00 -2.084738560706240751e+00 -1.173944199833989899e+00 6.360000000000000098e-01 5.799999999999999600e-01 1.280999999999999917e+00 -1.359166336908027795e+00
-7.100562088759278190e+00 1.375509533615228186e+01 -6.866617693179364323e-01 7.249999999999999778e-01 2.612000000000000099e+00 1.526000000000000023e+00 1.354616674648867480e-02
-7.670206238360993467e+00 2.396573523628767965e+00 -5.388213917069381020e-01 6.460000000000000187e-01 5.530000000000000471e-01 1.725000000000000089e+00 -1.550787504901294467e+00
2.752369974425230481e+01 -1.475526033417670524e+00 1.457775473083586792e-01 1.854000000000000092e+00 5.019000000000000128e+00 2.000000000000000000e+00 3.326402739042899626e-02
1.910305325672788257e+01 -1.353369694653364341e+01 -1.129011832246533231e+00 2.168000000000000149e+00 5.001000000000000334e+00 1.830999999999999961e+00 -3.088010525620080493e+00
2.141641228371987893e+01 -1.375766517044475279e+01 -1.133283472789034407e+00 2.005999999999999783e+00 4.764999999999999680e+00 1.548000000000000043e+00 -3.088010525620080493e+00
5.353320629710053957e+00 1.869643330224025135e+01 -5.512758782125001256e-01 1.598000000000000087e+00 4.304000000000000270e+00 1.485000000000000098e+00 -3.138509882588138566e+00
1.187224335386264507e+01 -1.356322430742017104e+01 -8.172277986834224350e-01 2.290999999999999925e+00 5.791000000000000369e+00 2.980999999999999872e+00 -3.103078290003280060e+00
-9.472579578470263328e+00 -2.464070833810930505e+00 -9.748956667491140982e-01 6.360000000000000098e-01 5.799999999999999600e-01 1.784999999999999920e+00 -1.359166336908027795e+00
-1.052861884385429470e+01 -9.185862689982096541e+00 -1.663198879204581759e+00 8.339999999999999636e-01 1.127999999999999892e+00 1.631999999999999895e+00 -2.813308457832714993e+00
-3.858130973951862774e+00 9.443246916949400216e+00 -5.788996444859444424e-01 7.339999999999999858e-01 8.169999999999999485e-01 1.806999999999999940e+00 7.467636299329516447e-01
-7.058490577811125100e+00 -1.274281633505953915e+00 -7.481425945892987706e-01 6.360000000000000098e-01 8.639999999999999902e-01 1.836999999999999966e+00 -2.928648324198677155e+00
-8.396693255172216652e+00 -2.642573876282206413e+00 -1.224133069979020494e+00 6.360000000000000098e-01 5.799999999999999600e-01 1.280999999999999917e+00 -1.411424344042156109e+00
1.862914656650218959e+01 6.565228987211086498e+00 -2.914094451908766370e-01 1.689000000000000057e+00 4.653999999999999915e+00 1.610000000000000098e+00 -3.145846047153680658e+00
-8.841586364542784793e+00 -1.326849628954733351e+00 -8.970721792732245792e-01 6.360000000000000098e-01 5.799999999999999600e-01 1.784999999999999920e+00 -1.359166336908027795e+00
2.252304958678816504e+01 -1.641326159496979464e+00 -4.872866839090430058e-01 1.860000000000000098e+00 4.982999999999999652e+00 1.602999999999999980e+00 7.022865907265041230e-02
2.871919324423718933e+01 -1.400276565788431604e+01 -7.685575568435041305e-01 1.794000000000000039e+00 4.445999999999999730e+00 1.578999999999999959e+00 -3.123103486813536556e+00
-5.007520140349927651e+00 1.325866521450701008e+01 -7.074833091920035288e-01 6.660000000000000364e-01 2.024999999999999911e+00 1.399000000000000021e+00 -3.101561814133356965e+00
2.119856758540771224e+01 1.845822075836285592e+01 1.477811272521903363e-01 1.653999999999999915e+00 4.182999999999999829e+00 1.532000000000000028e+00 4.679771195130388861e-02
2.317795062955026708e+01 6.285319926694102222e+00 -1.845005407969336209e-01 1.643999999999999906e+00 4.674000000000000377e+00 1.534999999999999920e+00 -3.110409364961009615e+00
3.958595996116911664e+01 5.718038807026439407e+00 5.719879949879353997e-01 1.723999999999999977e+00 4.501000000000000334e+00 1.548999999999999932e+00 -3.086013230943815522e+00
-7.623511788521216914e+00 -9.388358701059864586e-01 -7.240558500038570822e-01 6.360000000000000098e-01 5.799999999999999600e-01 1.826000000000000068e+00 -1.359166336908027795e+00
-7.491783878979974887e+00 3.302906219416150702e+00 -5.041153948248831007e-01 6.460000000000000187e-01 5.530000000000000471e-01 1.725000000000000089e+00 -1.550787504901294467e+00
4.125193778367936659e+01 1.852208238671141771e+01 1.265383195743141398e+00 1.879000000000000004e+00 5.450999999999999623e+00 2.290999999999999925e+00 8.975254046385661155e-03
7.561509947694113976e+01 5.097261935846380432e+00 3.617522074463024762e+00 1.985999999999999988e+00 4.586000000000000298e+00 1.705000000000000071e+00 -3.692442857880873230e+00
-6.677432383440893737e+00 4.043113290790152803e+00 -4.000522735893622950e-01 6.460000000000000187e-01 5.530000000000000471e-01 1.737000000000000099e+00 5.127718719402896141e-02
2.569938367270343704e+01 6.003925157081702935e+00 -1.736775083345873524e-04 1.800999999999999934e+00 4.766000000000000014e+00 1.635000000000000009e+00 -3.110409364961009615e+00
2.692110560266432273e+01 1.820951379771184264e+01 5.175303514256620607e-01 1.570999999999999952e+00 4.312999999999999723e+00 1.705000000000000071e+00 -3.172184459296953030e+00
-7.402033541154421137e+00 -2.851215735820066821e-01 -8.124357372160619928e-01 6.360000000000000098e-01 5.799999999999999600e-01 1.697000000000000064e+00 -1.359166336908027795e+00
-6.820013369948449089e+00 1.742093629621961126e+00 -6.387721537923035653e-01 6.360000000000000098e-01 5.799999999999999600e-01 1.697000000000000064e+00 -1.359166336908027795e+00
-6.447048041962965215e+00 -3.979658231358755405e+00 -1.021690559572152823e+00 6.740000000000000435e-01 8.830000000000000071e-01 1.780000000000000027e+00 -3.073934121042747769e+00
1.024473436202580423e+01 1.918652580686482167e+01 -4.108229102020151680e-01 1.705999999999999961e+00 4.125000000000000000e+00 1.435999999999999943e+00 5.029478313601964956e-02
5.067400033910041657e+01 -1.420054516028315561e+01 3.039818110924845107e-01 1.743999999999999995e+00 4.708000000000000185e+00 1.762999999999999901e+00 -3.132702604303244875e+00
-7.038742025120527934e+00 2.452484306755807475e-01 -7.832478465495777975e-01 6.360000000000000098e-01 5.799999999999999600e-01 1.697000000000000064e+00 1.430087099682590956e-01
2.372476219922043583e+01 -1.362089161852533792e+01 -1.056454681934397621e+00 1.891000000000000014e+00 5.048000000000000043e+00 1.512999999999999901e+00 -3.105496014571440977e+00
-6.101140252006372222e+00 8.021065097854894077e+00 -8.947560232379472289e-01 5.570000000000000506e-01 1.667000000000000037e+00 1.338999999999999968e+00 -3.122693325817043508e+00
7.617574550613174722e+01 2.106677398419606106e+01 5.141129296672355409e+00 1.897999999999999909e+00 4.511000000000000121e+00 1.824000000000000066e+00 -1.725329710821180695e+00
7.697598662060966213e+00 1.882475414057013197e+01 -4.173793902555951729e-01 1.540000000000000036e+00 4.030999999999999694e+00 1.568000000000000060e+00 1.182746927357469779e-02
-1.328299302034050733e+01 -2.466476298543910062e+01 -2.265908211479000123e+00 8.699999999999999956e-01 1.189000000000000057e+00 1.889000000000000012e+00 -2.003233852577068763e+00
-7.022272148866321118e+00 -3.605631551593660777e+00 -9.072079422839300911e-01 6.740000000000000435e-01 8.830000000000000071e-01 1.828999999999999959e+00 -2.540645779895494005e+00
-5.593239728667152022e+00 1.637815588025713609e+01 -5.856286820322674780e-01 5.949999999999999734e-01 2.367999999999999883e+00 1.320999999999999952e+00 1.030630338350713160e-02
-1.797932529580644712e+01 -2.240333812696014348e+01 -2.308742401921825671e+00 5.849999999999999645e-01 6.029999999999999805e-01 1.149999999999999911e+00 -2.003233852577068763e+00
2.078460838761134255e+01 -3.207896224979850075e+01 -2.091201092901724845e+00 5.090000000000000080e-01 4.660000000000000253e-01 1.725000000000000089e+00 -4.612261577753681507e+00
-5.220314070510614357e+00 7.705647590364925748e+00 -6.178841504151401098e-01 5.719999999999999529e-01 1.961000000000000076e+00 1.288999999999999924e+00 2.837414958955086774e-02
3.268498883389759158e+01 5.638273005073665800e+00 3.049132537586805580e-01 1.639000000000000012e+00 4.184000000000000163e+00 1.604000000000000092e+00 -3.084213275514051666e+00
1.294391392025515941e+01 -1.666019608795966001e+00 -9.305395640083424791e-01 1.770999999999999908e+00 4.267999999999999794e+00 1.643000000000000016e+00 4.097505076289564840e-02
1.842112481039904326e+00 -1.913424576939440058e+01 -1.054376579557285032e+00 2.883000000000000007e+00 1.208600000000000030e+01 3.419000000000000039e+00 -3.962120366575970998e+00
1.376211104460136170e+01 6.611833689918854340e+00 -5.600490369130530777e-01 1.671999999999999931e+00 4.477999999999999758e+00 1.596999999999999975e+00 -3.092731646291879244e+00
1.625660658573065831e+01 6.484026846512971787e+00 -5.259989845711594558e-01 1.639999999999999902e+00 4.330000000000000071e+00 1.395999999999999908e+00 -3.128383893287272066e+00
3.370958424924730679e+01 -1.377082081299320748e+01 -5.864718461392502968e-01 1.802999999999999936e+00 4.657000000000000028e+00 1.497999999999999998e+00 -3.123103486813536556e+00
