-2.566277059667730143e+01 -3.523959597537087518e+01 -6.571670606440095375e-01 1.743000000000000105e+00 4.980000000000000426e+00 1.689000000000000057e+00 -1.009528318564454796e+00
2.766761051733235277e+01 -7.900361758904348441e+00 -2.303419305532284911e-01 1.864999999999999991e+00 4.424999999999999822e+00 1.546999999999999931e+00 -4.255604317266414860e+00
4.976167408695689964e+00 -7.458015507423012558e+00 -8.370020011983461128e-01 1.772000000000000020e+00 4.293999999999999595e+00 1.596999999999999975e+00 -4.201141716744335675e+00
3.109626648249781855e+00 -1.209247455348656963e+01 -7.676915405674333837e-01 1.695999999999999952e+00 4.982999999999999652e+00 1.604000000000000092e+00 -4.197251248476517205e+00
1.297134255262821334e+01 -9.381245920533604732e+00 -3.777970404976328522e-01 1.858999999999999986e+00 4.434000000000000163e+00 1.504000000000000004e+00 -1.068882541575695733e+00
8.844386500381643756e+00 4.554024164749238324e+00 -1.089279572291960374e+00 1.848000000000000087e+00 4.612000000000000099e+00 1.570999999999999952e+00 1.541527818212464762e+00
2.903126685479433533e+01 -2.805716047039696459e+00 -1.639155511622460704e-01 1.826000000000000068e+00 4.251000000000000334e+00 1.415999999999999925e+00 -4.602939180566728794e+00
9.286448306462427027e+00 -1.591189347547746458e+01 -4.141688383657406436e-01 1.812000000000000055e+00 4.288999999999999702e+00 1.711000000000000076e+00 -4.176903220494669000e+00
2.761901827919635011e+01 1.487590717579556454e+01 -4.647480068827233857e-01 1.602000000000000091e+00 3.954000000000000181e+00 1.375999999999999890e+00 1.431002637278602219e+00
2.804991366341318226e+01 1.224643469025749631e+01 -4.187195845879415623e-01 1.834999999999999964e+00 4.384000000000000341e+00 1.483999999999999986e+00 1.460529348144938400e+00
2.152080391897929701e+01 -1.413300640597641333e+01 -1.310124496980278608e-01 1.975999999999999979e+00 4.645999999999999908e+00 1.707000000000000073e+00 -4.659435934935272527e+00
2.932455281872630337e+01 2.396967836887001102e+00 -2.544127737122784949e-01 1.887999999999999901e+00 4.605999999999999872e+00 1.596999999999999975e+00 -1.538115850756278657e+00
-1.073837801963728911e+00 -3.243563370538115009e+01 1.236764611539172415e-01 1.854000000000000092e+00 5.019000000000000128e+00 2.000000000000000000e+00 -1.023032980469824160e+00
1.890257846250159135e+00 -5.209853295645064009e+01 1.550301510186915088e+00 2.290999999999999925e+00 5.791000000000000369e+00 2.980999999999999872e+00 -4.162113174338339050e+00
-1.239132652899620091e+01 -3.605409347810793719e+01 -1.600994832974693138e-01 1.689000000000000057e+00 4.653999999999999915e+00 1.610000000000000098e+00 -4.141000890721134198e+00
-1.780678755067787611e+00 -3.507222815392150039e+01 3.831498892556119140e-02 1.858000000000000096e+00 4.863000000000000433e+00 1.627000000000000002e+00 -1.005585007995380087e+00
-2.097840959864851484e+01 -2.769141162265496448e+01 -9.645089184550484918e-01 1.653999999999999915e+00 4.182999999999999829e+00 1.532000000000000028e+00 -1.009528318564456129e+00
-9.617553515779617257e+00 -3.229925975837024765e+01 -2.682290734748333794e-01 1.643999999999999906e+00 4.674000000000000377e+00 1.534999999999999920e+00 -4.149254011731952296e+00
-1.163369502560402724e+00 -1.813028290432357892e+01 -7.325743976913157152e-01 1.723999999999999977e+00 4.501000000000000334e+00 1.548999999999999932e+00 -4.142357966173264572e+00
1.073039074307417096e+01 -1.378282420896108285e+01 -4.427397698797589931e-01 1.723000000000000087e+00 4.371999999999999886e+00 1.612000000000000099e+00 -1.003616465762330545e+00
-1.133107160339441499e+01 -1.078610784478874507e+01 -1.365810280758556372e+00 1.879000000000000004e+00 5.450999999999999623e+00 2.290999999999999925e+00 -1.040286583668299070e+00
8.515649245846917736e+00 -1.816155211392999291e+01 -3.585018051237847114e-01 1.935000000000000053e+00 4.493999999999999773e+00 1.536999999999999922e+00 -4.245364787536722417e+00
1.687041620282290211e+01 1.269850248866988807e+01 -2.582819509251539913e-01 1.985999999999999988e+00 4.586000000000000298e+00 1.705000000000000071e+00 1.535618892523486601e+00
-1.672248329881470763e+00 2.154552429045349271e+01 -1.047688689023485720e-01 1.824999999999999956e+00 4.451999999999999957e+00 1.550999999999999934e+00 -2.868783659234172223e+00
-8.432647737306741220e+00 -3.027334117522138612e+01 -2.289328828965928597e-01 1.800999999999999934e+00 4.766000000000000014e+00 1.635000000000000009e+00 -4.118715656333218789e+00
-1.819841045571859439e+01 -2.298682812793249752e+01 -8.518816282751459079e-01 1.570999999999999952e+00 4.312999999999999723e+00 1.705000000000000071e+00 -4.197812397191324152e+00
2.144150187207651470e+01 -1.854049315985495383e+01 -2.522258967325595180e-01 1.743999999999999995e+00 4.708000000000000185e+00 1.762999999999999901e+00 -4.136603806571626407e+00
1.815733682171978502e+00 1.188785899205586993e+01 -9.688333732756279071e-01 1.844000000000000083e+00 4.636999999999999567e+00 1.489000000000000101e+00 5.379272039418832030e-01
1.002563429693608343e+00 -3.057377069262581060e+01 -1.278668689212749954e-01 1.737000000000000099e+00 4.572000000000000064e+00 1.764999999999999902e+00 -4.250231648350746738e+00
3.337097326613651660e+00 2.113494320059484011e+01 -1.178173325573466379e-01 1.897999999999999909e+00 4.511000000000000121e+00 1.824000000000000066e+00 -2.781441547295948613e+00
1.233384480403113947e+01 1.842079073219683139e+01 7.527644225120780352e-02 1.693999999999999950e+00 4.280999999999999694e+00 1.532999999999999918e+00 -2.913822904979967099e+00
-3.297901035179432228e+01 -5.249212435013031808e+01 6.055152128375005383e-01 5.949999999999999734e-01 2.367999999999999883e+00 1.320999999999999952e+00 -1.045940981520141255e+00
-1.682963036727734618e+01 -2.053402227850040873e+01 -1.236916087095360828e+00 1.639999999999999902e+00 4.902000000000000135e+00 1.401999999999999913e+00 -9.520991436388565043e-01
-4.711654906376699259e+00 -2.407754065208238003e+01 -4.846147743896875859e-01 1.639000000000000012e+00 4.184000000000000163e+00 1.604000000000000092e+00 -4.138817136906461691e+00
1.759188200033616667e+01 4.764953550651759961e+00 -1.982956934040158992e-01 1.985999999999999988e+00 4.586000000000000298e+00 1.705000000000000071e+00 1.535618892523486601e+00
7.352224535406591599e+00 1.767917644587123149e+01 -1.769412207799941905e-01 1.667000000000000037e+00 4.070000000000000284e+00 1.604999999999999982e+00 -2.931294450991697165e+00
-1.626238042410204798e+01 -5.827933752861503791e+01 1.844803915019467500e+00 2.883000000000000007e+00 1.208600000000000030e+01 3.419000000000000039e+00 -4.197582724903370810e+00
1.282134639481321692e+01 -3.324580790714601619e+01 1.004407034889528982e-01 1.802999999999999936e+00 4.657000000000000028e+00 1.497999999999999998e+00 -4.179368560460083870e+00
-7.214581005066655450e+00 -2.817938977926397826e+01 -4.722988360988741863e-01 1.659000000000000030e+00 3.831999999999999851e+00 1.548000000000000043e+00 -4.142364768471310299e+00
