1.542400390705267021e+01 -2.782826991603619682e+00 -8.207376606624466886e-01 1.862000000000000099e+00 4.923000000000000043e+00 1.588000000000000078e+00 -1.250970797436603554e-01
9.372910497784060269e+00 1.640551451602255995e+01 -1.231928671042066686e-01 1.743000000000000105e+00 4.980000000000000426e+00 1.689000000000000057e+00 -1.567094577887679918e-01
1.793091481486701966e+01 -2.562705700427882149e+00 -6.285026028485186655e-01 1.806999999999999940e+00 4.750000000000000000e+00 1.449999999999999956e+00 -1.313743188011216034e-01
1.855487232283177335e+01 -1.485129023588714325e+01 -1.479173598664233369e+00 1.955000000000000071e+00 5.104000000000000092e+00 1.645000000000000018e+00 -3.263542333154358932e+00
-5.926234230213344389e+00 -2.230438278787945539e+00 -8.302346065954284704e-01 5.829999999999999627e-01 4.849999999999999867e-01 1.679999999999999938e+00 -1.621153128356988216e+00
2.844088518627107476e+01 -1.352308196382996641e+01 -6.352817513573543184e-01 2.011000000000000121e+00 5.158999999999999808e+00 1.979000000000000092e+00 -3.298634385976168648e+00
7.675992745437326903e+00 3.963011652672232543e+00 -9.811559416549818780e-01 1.693999999999999950e+00 4.594000000000000306e+00 1.489000000000000101e+00 -3.268263424090162239e+00
-7.720424737974714624e+00 -4.911094966721866406e+00 -8.776069961729016100e-01 6.360000000000000098e-01 5.799999999999999600e-01 1.697000000000000064e+00 -1.534068394093104359e+00
-6.062241168966971294e+00 8.377122424625135011e+00 -1.000675317743620285e+00 5.060000000000000053e-01 1.879999999999999893e+00 1.205000000000000071e+00 -3.277093459112004226e+00
-8.557975947795313232e+00 2.233843750873010237e+00 -1.129131732018339829e+00 5.719999999999999529e-01 2.194999999999999840e+00 1.288999999999999924e+00 -3.288749819640091054e+00
3.344373874614502995e+01 -1.272588249963208185e+01 -6.884444519901589121e-01 1.810000000000000053e+00 4.556000000000000050e+00 1.485000000000000098e+00 -3.298634385976168648e+00
-3.137868760758915521e+00 1.527234970405073078e+01 -7.304406360735957726e-01 6.590000000000000302e-01 1.868999999999999995e+00 1.185999999999999943e+00 -3.338792855748624167e+00
4.692598375726089444e+01 1.470800406529010340e+00 1.269214844760921945e+00 1.812000000000000055e+00 4.288999999999999702e+00 1.711000000000000076e+00 -3.278679264458599807e+00
7.405840397600915992e+01 2.334969577782269567e+01 5.503833175289221558e+00 1.667000000000000037e+00 4.070000000000000284e+00 1.604999999999999982e+00 -1.997502109663376713e+00
-7.447127386356458878e+00 -7.892317497691703210e+00 -1.275336525420573963e+00 6.360000000000000098e-01 5.799999999999999600e-01 1.280999999999999917e+00 -1.534068394093104359e+00
-9.163429193735037614e+00 7.908772251158868727e+00 -7.932941468306283772e-01 7.249999999999999778e-01 2.612000000000000099e+00 1.526000000000000023e+00 -1.652241558817397760e-01
-7.487741570536578628e+00 -3.303334010551788325e+00 -7.268248639225466379e-01 6.460000000000000187e-01 5.530000000000000471e-01 1.725000000000000089e+00 -1.725674841486896760e+00
2.755793063383545771e+01 -9.429144658741654972e-01 2.896987790896868309e-01 1.854000000000000092e+00 5.019000000000000128e+00 2.000000000000000000e+00 -1.422674477341632215e-01
2.139528568292598365e+01 -1.441834986216251835e+01 -1.035480487834736785e+00 2.168000000000000149e+00 5.001000000000000334e+00 1.830999999999999961e+00 -3.263542333154358932e+00
2.371278251020910943e+01 -1.423337358983660295e+01 -1.062261716507810760e+00 2.005999999999999783e+00 4.764999999999999680e+00 1.548000000000000043e+00 -3.263542333154358932e+00
2.221045635565936482e+00 1.502305037589229286e+01 -5.687732681813051361e-01 1.598000000000000087e+00 4.304000000000000270e+00 1.485000000000000098e+00 -3.322778981901199913e+00
1.428496983815883503e+01 -1.569448799893268820e+01 -9.674360645912455370e-01 2.290999999999999925e+00 5.791000000000000369e+00 2.980999999999999872e+00 -3.281342294920031932e+00
-8.672282764925100196e+00 -8.498200268687979175e+00 -1.029964631809814568e+00 6.360000000000000098e-01 5.799999999999999600e-01 1.784999999999999920e+00 -1.534068394093104359e+00
-8.403336555073135372e+00 -1.388593013679242461e+01 -1.771760294065382269e+00 8.339999999999999636e-01 1.127999999999999892e+00 1.631999999999999895e+00 -2.988793624713689923e+00
-5.490095214471047314e+00 3.067847064024338266e+00 -7.555607484683518615e-01 7.339999999999999858e-01 8.169999999999999485e-01 1.806999999999999940e+00 5.015638065699916659e-01
-6.438475010614078897e+00 -6.839683106628803522e+00 -9.315484749289356659e-01 6.360000000000000098e-01 8.639999999999999902e-01 1.836999999999999966e+00 -3.174110893427517066e+00
-7.535800177347191209e+00 -8.464807906747653377e+00 -1.580701663700909476e+00 6.360000000000000098e-01 5.799999999999999600e-01 1.280999999999999917e+00 -1.586317755087769177e+00
1.740760699452826188e+01 5.259404490796048215e+00 -3.446257254445206919e-01 1.689000000000000057e+00 4.653999999999999915e+00 1.610000000000000098e+00 -3.308258298726012292e+00
2.267771308256740781e+01 -2.006569552761745978e+00 -4.139151124962852091e-01 1.860000000000000098e+00 4.982999999999999652e+00 1.602999999999999980e+00 -1.053030237882257580e-01
2.512027606852212003e+01 -1.762053679622855418e+00 -2.679320743485195111e-01 1.858000000000000096e+00 4.863000000000000433e+00 1.627000000000000002e+00 -1.247823406780095290e-01
-7.002693955253192826e+00 7.781198761654146701e+00 -8.495278907801848689e-01 6.660000000000000364e-01 2.024999999999999911e+00 1.399000000000000021e+00 -3.277093459112004226e+00
1.787482265886086807e+01 1.746116545258830044e+01 2.314896747008816924e-01 1.653999999999999915e+00 4.182999999999999829e+00 1.532000000000000028e+00 -1.287340438191033609e-01
2.196300740379477290e+01 5.815280630874228862e+00 -1.483355622992054978e-01 1.643999999999999906e+00 4.674000000000000377e+00 1.534999999999999920e+00 -3.285940775988589913e+00
-7.099618835093321145e+00 -6.623563293715999833e+00 -9.471070680393451902e-01 6.360000000000000098e-01 5.799999999999999600e-01 1.826000000000000068e+00 -1.534068394093104359e+00
-7.479546876733689231e+00 -2.422781125713796779e+00 -7.368480369157246468e-01 6.460000000000000187e-01 5.530000000000000471e-01 1.725000000000000089e+00 -1.725674841486896760e+00
3.759570495434257253e+01 2.104793418998203336e+01 1.422744270585186266e+00 1.879000000000000004e+00 5.450999999999999623e+00 2.290999999999999925e+00 -1.700518150104703974e-01
-6.838663913363318692e+00 -1.419592194830366472e+00 -6.030833322483482029e-01 6.460000000000000187e-01 5.530000000000000471e-01 1.737000000000000099e+00 -1.242546094161363079e-01
2.449884308147248646e+01 6.061433196748478913e+00 -5.627400610082020083e-02 1.800999999999999934e+00 4.766000000000000014e+00 1.635000000000000009e+00 -3.280110366712585268e+00
2.362475505483472560e+01 1.822068759304697494e+01 5.865017306706795663e-01 1.570999999999999952e+00 4.312999999999999723e+00 1.705000000000000071e+00 -3.326726143299312710e+00
4.270914169065611787e+01 -1.079370397159594752e+01 2.982208467017214426e-01 1.620000000000000107e+00 4.201999999999999957e+00 1.653000000000000025e+00 -3.273264220711450179e+00
-6.971974470688298453e+00 -5.920302767241761188e+00 -9.974811500538841580e-01 6.360000000000000098e-01 5.799999999999999600e-01 1.697000000000000064e+00 -1.534068394093104359e+00
-6.765957950264006371e+00 -3.814994373289500640e+00 -8.192319995194800031e-01 6.360000000000000098e-01 5.799999999999999600e-01 1.697000000000000064e+00 -1.534068394093104359e+00
-5.559739264907995526e+00 -8.769292515484542250e+00 -1.131601014211145007e+00 6.740000000000000435e-01 8.830000000000000071e-01 1.780000000000000027e+00 -2.716004201460151091e+00
6.953824048635543598e+00 1.631379104005111458e+01 -4.021508487088488737e-01 1.705999999999999961e+00 4.125000000000000000e+00 1.435999999999999943e+00 -1.345624240858345200e-01
5.257660360237608188e+01 -9.494897787024218161e+00 4.694601987023015455e-01 1.743999999999999995e+00 4.708000000000000185e+00 1.762999999999999901e+00 -3.304736998002117065e+00
-6.752843748107681066e+00 -5.227948348614022578e+00 -8.991699837099952353e-01 6.360000000000000098e-01 5.799999999999999600e-01 1.697000000000000064e+00 -3.251823983772395010e-02
2.596251619291494350e+01 -1.369029753632162461e+01 -1.068241432028140148e+00 1.891000000000000014e+00 5.048000000000000043e+00 1.512999999999999901e+00 -3.281027567982966797e+00
-7.165403916220594027e+00 2.333588004986172137e+00 -1.101217208067298614e+00 5.570000000000000506e-01 1.667000000000000037e+00 1.338999999999999968e+00 -3.319211284619078661e+00
7.156222539981673947e+01 2.944401591817836206e+01 5.642687568857803981e+00 1.897999999999999909e+00 4.511000000000000121e+00 1.824000000000000066e+00 -1.900244349976877301e+00
4.598440343992322710e+00 1.554104491972474911e+01 -4.406091042884140996e-01 1.540000000000000036e+00 4.030999999999999694e+00 1.568000000000000060e+00 -1.462189709238108648e-01
-8.547030171128533027e+00 -3.101043953922432550e+01 -2.522189418451632914e+00 8.699999999999999956e-01 1.189000000000000057e+00 1.889000000000000012e+00 -2.178262374062938100e+00
-6.066495617314324740e+00 -8.467751861237129418e+00 -1.026466656688078904e+00 6.740000000000000435e-01 8.830000000000000071e-01 1.828999999999999959e+00 -2.716004201460151091e+00
-8.133857153133655871e+00 1.075360185142897329e+01 -7.981889030804583118e-01 5.949999999999999734e-01 2.367999999999999883e+00 1.320999999999999952e+00 -1.652241558817397760e-01
-1.356348077400021168e+01 -2.959402678748531557e+01 -2.707154998114468913e+00 5.849999999999999645e-01 6.029999999999999805e-01 1.149999999999999911e+00 -2.178262374062938100e+00
-6.254548066364069570e+00 2.276472993620448637e+00 -9.389535452866374365e-01 5.719999999999999529e-01 1.961000000000000076e+00 1.288999999999999924e+00 -1.471571660502977164e-01
3.142925399006946918e+01 6.870587924251227108e+00 4.311090721449988838e-01 1.639000000000000012e+00 4.184000000000000163e+00 1.604000000000000092e+00 -3.261784127297661318e+00
6.778082309115976045e+01 8.662477956248888944e+00 3.319706829169198681e+00 1.985999999999999988e+00 4.586000000000000298e+00 1.705000000000000071e+00 -3.867764805036303599e+00
1.326175992360310651e+01 -3.575171317666335113e+00 -9.744823353431797397e-01 1.770999999999999908e+00 4.267999999999999794e+00 1.643000000000000016e+00 -1.607833434456404920e-01
2.656095150203940936e+00 -1.956197860115331011e+01 -1.062024296288281100e+00 2.883000000000000007e+00 1.208600000000000030e+01 3.419000000000000039e+00 -3.881521408852526722e+00
1.259343367573876549e+01 4.588559658168501088e+00 -4.903908350972622232e-01 1.671999999999999931e+00 4.477999999999999758e+00 1.596999999999999975e+00 -3.268263424090162239e+00
3.581504423043521967e+01 -1.210850071342711765e+01 -4.024636305385438373e-01 1.802999999999999936e+00 4.657000000000000028e+00 1.497999999999999998e+00 -3.298634385976168648e+00
