-1.162353716068456855e+01 -3.346519584700696015e+01 -2.103363675556222834e+00 6.209999999999999964e-01 6.470000000000000195e-01 1.778000000000000025e+00 -3.451936995589277579e-02
7.143805670487769710e+00 -5.221635546607051026e+01 -1.855761176285242176e+00 6.879999999999999449e-01 9.439999999999999503e-01 1.903999999999999915e+00 -1.260302652252980327e-01
-1.682231161581857748e+01 1.609124928197544335e+01 -7.798783742355716031e-01 5.010000000000000009e-01 9.370000000000000551e-01 1.187000000000000055e+00 -9.396196616184737671e-02
6.516162327394999565e+00 -4.127458873266351702e+01 -1.518303644767042382e+00 7.510000000000000009e-01 1.030000000000000027e+00 1.975000000000000089e+00 5.738818081508623159e-02
5.654874231917970562e+00 -2.721970247006338894e+01 -1.742725038498837309e+00 6.199999999999999956e-01 6.949999999999999512e-01 1.590000000000000080e+00 4.841199443416819292e-01
-2.128340960036987184e+01 1.261384598689262226e+01 -1.063288140440811214e+00 1.731999999999999984e+00 3.553999999999999826e+00 1.683000000000000052e+00 1.435480708363277014e+00
2.581954100696879806e+01 4.087717318721615811e+01 1.928661834084040683e+00 1.947999999999999954e+00 4.642000000000000348e+00 1.929000000000000048e+00 -3.988218043893287934e-02
7.067000974453527817e+00 -4.632433727402772661e+01 -1.685400783868971297e+00 6.310000000000000053e-01 6.099999999999999867e-01 1.929000000000000048e+00 -3.181020656090733922e+00
-1.130394889160977812e+01 3.963323272427058619e+00 -1.352706054244555034e+00 5.220000000000000195e-01 5.190000000000000169e-01 1.348000000000000087e+00 -2.801448480240813943e+00
-2.685315084252491857e+01 1.157738436807757765e+01 -1.104163660758113119e+00 1.778000000000000025e+00 3.883000000000000007e+00 1.697000000000000064e+00 1.371974337615354589e+00
-9.371751226928578760e+00 -5.142961327189337339e+01 -2.320139349871697565e+00 6.969999999999999529e-01 4.979999999999999982e-01 1.760999999999999899e+00 -2.040972777703533581e-01
-1.106617396742581860e+00 1.406469120705454401e+01 -2.826022120535752191e-01 1.953000000000000069e+00 5.030000000000000249e+00 1.671999999999999931e+00 -2.506227621821491169e+00
1.607107277815684654e+01 4.475747852965258033e+01 1.715526568812187014e+00 1.481999999999999984e+00 3.833000000000000185e+00 1.691999999999999948e+00 -8.246243589867363610e-03
7.456185839639490887e+00 -1.607537727593110333e+01 -1.430995252760972392e+00 6.650000000000000355e-01 7.359999999999999876e-01 1.889999999999999902e+00 -3.150904514189188710e+00
-2.062687917805289955e-02 -3.629775545926695202e+01 -2.097360151201233869e+00 1.870999999999999996e+00 4.488000000000000433e+00 1.514999999999999902e+00 -3.185306216239817356e+00
-1.991736433758388713e+01 -2.580459895817214289e+01 -2.243285319697434499e+00 4.959999999999999964e-01 3.689999999999999947e-01 1.655999999999999917e+00 -4.092942317111056383e+00
-1.206715151731036784e+01 1.413604767831803599e+01 -7.848910192943303610e-01 6.490000000000000213e-01 8.739999999999999991e-01 1.665999999999999925e+00 -1.333658990873165529e-01
7.339708157367481611e+00 -2.635760058309752907e+01 -1.728548291891075950e+00 5.460000000000000409e-01 4.390000000000000013e-01 1.622000000000000108e+00 4.364552534641408243e-01
-1.436363873777028033e+01 7.332900746232740019e+00 -1.203154413249531984e+00 1.796000000000000041e+00 4.328999999999999737e+00 1.703000000000000069e+00 -1.740210137958918102e+00
-1.988303465173990503e+01 -2.513527859779248530e+01 -2.214376361724391007e+00 6.400000000000000133e-01 3.950000000000000178e-01 1.806999999999999940e+00 -4.668855548750721951e+00
-5.650449352929267199e+00 -2.850666926573109450e+01 -1.946423611748455462e+00 6.119999999999999885e-01 7.359999999999999876e-01 1.877000000000000002e+00 -1.652117185718341430e+00
-7.606111038547541447e+00 -7.224252508884942969e+00 -1.515470761293221669e+00 1.927999999999999936e+00 4.831999999999999851e+00 1.524999999999999911e+00 2.435191838526318264e-02
5.964274777439181108e+00 5.114001222691262782e+00 -1.128515130097287322e+00 2.949999999999999845e-01 3.049999999999999933e-01 7.650000000000000133e-01 -3.167010873478516508e+00
-1.187785790119357543e+01 1.552944147916816675e+01 -5.936434241472742235e-01 5.729999999999999538e-01 6.500000000000000222e-01 1.762999999999999901e+00 -1.469191020129809733e-01
-1.162187426194597606e+01 4.228306512299693232e+00 -1.198234887086279343e+00 5.849999999999999645e-01 6.810000000000000497e-01 1.711000000000000076e+00 -2.841200035835877991e+00
5.109509485792574246e+00 -2.882630007032825148e+01 -1.769751775380176140e+00 6.939999999999999503e-01 8.149999999999999467e-01 1.794000000000000039e+00 1.291636680457319830e+00
6.162365720767930988e+00 -2.514228639254298869e+01 -1.848052288554457911e+00 5.470000000000000417e-01 5.869999999999999662e-01 1.590000000000000080e+00 2.394988019865234019e-01
5.972441369710876913e+00 3.943758931153519853e+01 1.021243929458273358e+00 1.604000000000000092e+00 3.483999999999999986e+00 1.580000000000000071e+00 -3.090406513527553578e+00
6.381313896761834137e+00 5.639211311780107394e+01 1.939559648251836244e+00 1.917999999999999927e+00 4.801999999999999602e+00 1.877999999999999892e+00 -3.125346731582004267e+00
-8.981967905132691499e+00 2.184393365264606146e+01 -4.469474057958253699e-01 1.826000000000000068e+00 4.695000000000000284e+00 1.629000000000000004e+00 2.583686207817903480e-02
-8.154624357716169669e+00 4.039493609743280444e+01 7.903823594936691954e-01 1.641000000000000014e+00 1.446499999999999986e+01 1.399999999999999911e+00 1.325860405339196468e-02
7.758900242990431906e+00 -4.597647985143075999e+01 -1.845515167177966820e+00 7.119999999999999662e-01 6.009999999999999787e-01 1.891000000000000014e+00 -3.167919247131941063e+00
4.332705281021659971e+00 7.940212069735237854e+00 -7.991775731577652753e-01 1.889000000000000012e+00 4.759999999999999787e+00 1.530999999999999917e+00 -3.145943263461325135e+00
7.071331373936437181e+00 -2.516446104032915088e+01 -1.653322408064621829e+00 5.380000000000000338e-01 6.740000000000000435e-01 1.794000000000000039e+00 1.884258374514193868e-01
-1.943196756774557343e+01 7.440507150228645727e+00 -1.196617360404653052e+00 1.627999999999999892e+00 3.895999999999999908e+00 1.725999999999999979e+00 -1.740210137958918102e+00
6.193847348022653243e+00 5.018976605601445584e+01 1.631033768866642530e+00 1.816999999999999948e+00 4.533999999999999808e+00 1.828999999999999959e+00 -3.125346731582004267e+00
8.904116320398776097e+00 9.178073797935232037e+00 -3.895869837675686176e-01 7.239999999999999769e-01 8.279999999999999583e-01 1.834999999999999964e+00 -3.124857579013498032e+00
8.965669085277403028e+00 2.839702129149855736e+01 5.973752732574881819e-01 5.600000000000000533e-01 6.979999999999999538e-01 1.743999999999999995e+00 -3.150689061393790347e+00
-1.535408680208567134e+01 -3.275992583967646254e+01 -2.785608199023578813e+00 7.379999999999999893e-01 7.830000000000000293e-01 1.520000000000000018e+00 1.458676745524841056e+00
-7.770216030151767761e+00 5.579383597520818228e+01 2.194312839235644130e+00 2.508999999999999897e+00 6.511999999999999567e+00 3.024000000000000021e+00 4.549078398647399268e-02
1.260916828439974680e+01 2.576449957560968329e+01 6.521749207737204124e-01 1.721999999999999975e+00 4.177999999999999936e+00 1.673000000000000043e+00 -3.141872916469794941e+00
-4.535764172465863275e+00 1.808911957055770259e+01 -3.751102526668660397e-01 1.762000000000000011e+00 4.700999999999999623e+00 1.538999999999999924e+00 1.207736124755907081e-01
-1.248568391153276202e+01 -3.365371168367073551e+01 -2.076703605624257154e+00 6.989999999999999547e-01 7.379999999999999893e-01 1.949999999999999956e+00 -1.393216646740267350e-01
7.957889331875134253e+00 -1.510730365078976689e+01 -1.298465776099225755e+00 6.440000000000000169e-01 6.959999999999999520e-01 1.848999999999999977e+00 -3.072289445345935288e+00
1.671465374461174846e+01 2.600148122319029298e+01 6.960136558981051547e-01 1.824999999999999956e+00 4.583000000000000185e+00 1.820999999999999952e+00 -3.147987163577418812e+00
8.321050231949365994e+00 9.667884122615081566e+00 -5.692388202104284867e-01 6.660000000000000364e-01 7.800000000000000266e-01 1.800000000000000044e+00 8.000253988572181285e-03
-8.673553800764688404e+00 2.883683574670283889e+01 3.087522985613403437e-01 1.917000000000000037e+00 4.786999999999999922e+00 1.959999999999999964e+00 6.077748347108280491e-02
6.159790149030984985e+00 4.436317510069608971e+01 1.291800889271774055e+00 1.991999999999999993e+00 4.931000000000000050e+00 1.858000000000000096e+00 -3.177754060601270858e+00
