-1.197570985005326882e+01 -2.718424478675868627e+01 -2.513327995006389148e+00 6.209999999999999964e-01 6.470000000000000195e-01 1.778000000000000025e+00 -3.294083204828823774e-02
6.792882555174588610e+00 -4.540465749855161448e+01 -2.167084239307218940e+00 6.879999999999999449e-01 9.439999999999999503e-01 1.903999999999999915e+00 -8.956033682150410513e-02
-1.677480099770489730e+01 2.009598326250519307e+01 -3.516432894756972849e-01 5.010000000000000009e-01 9.370000000000000551e-01 1.187000000000000055e+00 -9.242695177447846078e-02
6.686894226603503633e+00 -3.422874591517900456e+01 -2.027124406329189998e+00 7.510000000000000009e-01 1.030000000000000027e+00 1.975000000000000089e+00 3.281167281269414815e-02
6.129678442971112418e+00 -2.176769864999187476e+01 -2.000186974342650803e+00 6.199999999999999956e-01 6.949999999999999512e-01 1.590000000000000080e+00 2.500375552051894434e-01
-2.063626859808279335e+01 -2.117206877577321222e+01 -2.387646712157856399e+00 3.449999999999999734e-01 3.310000000000000164e-01 1.326000000000000068e+00 -3.939027728123148275e+00
-2.122717684484927148e+01 1.662914933212400115e+01 -6.310548406371676577e-01 1.731999999999999984e+00 3.553999999999999826e+00 1.683000000000000052e+00 1.428705208500116175e+00
7.310370407348375288e+00 -4.452765305538436991e+01 -2.272789156493934648e+00 6.310000000000000053e-01 6.099999999999999867e-01 1.929000000000000048e+00 -3.223147340904065850e+00
-1.188622648703597484e+01 6.136571917614513261e+00 -1.113763462267211235e+00 5.220000000000000195e-01 5.190000000000000169e-01 1.348000000000000087e+00 -2.843291643818189662e+00
-2.673597530331199579e+01 1.554141219187759226e+01 -6.914738589011083514e-01 1.778000000000000025e+00 3.883000000000000007e+00 1.697000000000000064e+00 1.373954709413208963e+00
-9.767017577376995163e+00 -4.568547700804273859e+01 -2.824888163746583469e+00 6.969999999999999529e-01 4.979999999999999982e-01 1.760999999999999899e+00 -2.026354553617921717e-01
-5.708255676638574805e+00 1.382924563902668602e+01 -1.923315973023317638e-01 1.953000000000000069e+00 5.030000000000000249e+00 1.671999999999999931e+00 -1.949789589246442523e+00
7.641164682248015261e+00 -1.505357604691454831e+01 -1.652756377928804143e+00 6.650000000000000355e-01 7.359999999999999876e-01 1.889999999999999902e+00 -3.260016314859529807e+00
2.234898015819199169e-02 -3.408385201866720848e+01 -2.465974513813403934e+00 1.870999999999999996e+00 4.488000000000000433e+00 1.514999999999999902e+00 -3.179072859257613182e+00
-2.002455889559476176e+01 -2.177606940545692638e+01 -2.275323610243507488e+00 4.959999999999999964e-01 3.689999999999999947e-01 1.655999999999999917e+00 -4.091544509891172687e+00
-1.235672925012083212e+01 2.115996639911589483e+01 -1.510244513574558467e-01 6.490000000000000213e-01 8.739999999999999991e-01 1.665999999999999925e+00 -9.690162806449320598e-02
7.421526272353075271e+00 -2.098062585592598239e+01 -1.895065128076323768e+00 5.460000000000000409e-01 4.390000000000000013e-01 1.622000000000000108e+00 -3.116298458922361903e-03
-1.455366799845309345e+01 1.127663285616397104e+01 -8.697095109216749220e-01 1.796000000000000041e+00 4.328999999999999737e+00 1.703000000000000069e+00 -1.738248362008858461e+00
-1.987931165929939326e+01 -2.118210710719697687e+01 -2.189317630252105573e+00 6.400000000000000133e-01 3.950000000000000178e-01 1.806999999999999940e+00 -4.684471516511534261e+00
-8.135955230912156111e+00 -2.476128694167459088e+01 -2.316031908555902685e+00 6.119999999999999885e-01 7.359999999999999876e-01 1.877000000000000002e+00 -1.650215785389853362e+00
-2.042102036260522446e+00 -4.521107482379306219e+01 -2.622165569551572872e+00 1.802999999999999936e+00 4.495000000000000107e+00 1.560000000000000053e+00 -1.837804268297675847e-01
-7.583514264700572660e+00 -3.262526055172971784e+00 -1.431453294818832545e+00 1.927999999999999936e+00 4.831999999999999851e+00 1.524999999999999911e+00 8.492298646426643671e-03
6.016677435453009259e+00 9.084683969809063342e+00 -7.981426932479557257e-01 2.949999999999999845e-01 3.049999999999999933e-01 7.650000000000000133e-01 -3.165425476028177698e+00
-1.172863584625511457e+01 2.141691865511112880e+01 -1.009323945098098835e-01 5.729999999999999538e-01 6.500000000000000222e-01 1.762999999999999901e+00 1.190149577120935831e-02
-1.241911526924760523e+01 6.314162127893657939e+00 -1.014052565139132778e+00 5.849999999999999645e-01 6.810000000000000497e-01 1.711000000000000076e+00 -2.778155012284340142e+00
6.527755960143335479e+00 -2.409693935645068663e+01 -1.961741926584077644e+00 6.939999999999999503e-01 8.149999999999999467e-01 1.794000000000000039e+00 2.689407910913179656e-01
6.229015161602781347e+00 -1.936290010704598075e+01 -1.945330942979911271e+00 5.470000000000000417e-01 5.869999999999999662e-01 1.590000000000000080e+00 -3.846499375445189273e-02
6.068179968567699589e+00 4.349598123607394484e+01 1.861662927813783508e+00 1.604000000000000092e+00 3.483999999999999986e+00 1.580000000000000071e+00 -3.088761799648616524e+00
-8.920337460747942870e+00 2.620998464840657860e+01 1.468751152096144652e-01 1.826000000000000068e+00 4.695000000000000284e+00 1.629000000000000004e+00 2.746167518659659024e-02
-8.041649116630788185e+00 4.429440932279402432e+01 1.504554013300378745e+00 1.641000000000000014e+00 1.446499999999999986e+01 1.399999999999999911e+00 1.487363285362164333e-02
7.825916103306242988e+00 -4.429020561444645665e+01 -2.224588034395527103e+00 7.119999999999999662e-01 6.009999999999999787e-01 1.891000000000000014e+00 -3.227517256455826544e+00
4.388308404608769031e+00 1.200113664776702649e+01 -3.722517722137573259e-01 1.889000000000000012e+00 4.759999999999999787e+00 1.530999999999999917e+00 -3.161824181174047510e+00
7.217865308267097824e+00 -1.958495228878027561e+01 -1.743172054901067636e+00 5.380000000000000338e-01 6.740000000000000435e-01 1.794000000000000039e+00 7.652242959969934866e-02
-1.947880693416564313e+01 1.136620632803652420e+01 -8.464488775638427942e-01 1.627999999999999892e+00 3.895999999999999908e+00 1.725999999999999979e+00 -1.738248362008858461e+00
8.905863341043708914e+00 1.050766239567609261e+01 -1.324308919015323993e-01 7.239999999999999769e-01 8.279999999999999583e-01 1.834999999999999964e+00 -3.140722895056167641e+00
8.955905056953179511e+00 2.929899288056941842e+01 9.524789818608427883e-01 5.600000000000000533e-01 6.979999999999999538e-01 1.743999999999999995e+00 -3.111211214218178256e+00
-1.539110854008513662e+01 -2.888198527961457884e+01 -3.067335221535908207e+00 7.379999999999999893e-01 7.830000000000000293e-01 1.520000000000000018e+00 1.460599981905228439e+00
-7.611263304570710986e+00 5.966763652883947344e+01 3.159349264707350002e+00 2.508999999999999897e+00 6.511999999999999567e+00 3.024000000000000021e+00 4.713100732681829719e-02
1.264064830465172662e+01 2.997338203022657765e+01 1.252731331335879883e+00 1.721999999999999975e+00 4.177999999999999936e+00 1.673000000000000043e+00 -3.140268342737029261e+00
-4.111350121892059839e+00 2.318516700085482540e+01 2.981264748176696289e-01 1.762000000000000011e+00 4.700999999999999623e+00 1.538999999999999924e+00 5.253362152380325334e-02
-1.290025455467033311e+01 -2.722796290732827273e+01 -2.271595053315385471e+00 6.989999999999999547e-01 7.379999999999999893e-01 1.949999999999999956e+00 -1.378181085851744037e-01
7.000773835230376108e+00 8.321521438894093592e+01 4.585395739242546398e+00 1.629999999999999893e+00 3.870999999999999996e+00 1.955000000000000071e+00 -3.123729384974333723e+00
7.874408220426513338e+00 -1.368097548054262802e+01 -1.518614150821808506e+00 6.440000000000000169e-01 6.959999999999999520e-01 1.848999999999999977e+00 -3.184270652121862000e+00
8.348931811317980234e+00 1.673445181238822244e+01 -8.536889960934286592e-02 6.660000000000000364e-01 7.800000000000000266e-01 1.800000000000000044e+00 -3.409461760513510242e-02
-8.578726816791121479e+00 3.277106866513418026e+01 9.802061978991615243e-01 1.917000000000000037e+00 4.786999999999999922e+00 1.959999999999999964e+00 6.242978232705831410e-02
