-9.919132232666015625e+00 1.562950134277343750e+01 0.000000000000000000e+00 7.665483281016349792e-03
-1.114992141723632812e+01 1.734839630126953125e+01 0.000000000000000000e+00 4.633557051420211792e-03
-9.153461456298828125e+00 1.552348327636718750e+01 0.000000000000000000e+00 2.021184889599680901e-03
-1.047029495239257812e+01 1.605792236328125000e+01 0.000000000000000000e+00 1.532968692481517792e-02
-7.826576232910156250e+00 1.646250152587890625e+01 0.000000000000000000e+00 2.413255870342254639e-01
-8.179122924804687500e+00 1.497131347656250000e+01 0.000000000000000000e+00 1.003368990495800972e-03
-1.065880203247070312e+01 1.474982452392578125e+01 0.000000000000000000e+00 6.094327196478843689e-02
-6.848804473876953125e+00 1.696408081054687500e+01 0.000000000000000000e+00 4.810583963990211487e-02
-7.449550628662109375e+00 1.632666015625000000e+01 0.000000000000000000e+00 2.898971438407897949e-01
-6.890499114990234375e+00 1.625713348388671875e+01 0.000000000000000000e+00 1.013882458209991455e-02
-1.050473022460937500e+01 1.665675354003906250e+01 0.000000000000000000e+00 1.166389090940356255e-03
-9.250167846679687500e+00 1.625910186767578125e+01 0.000000000000000000e+00 3.999609500169754028e-03
-8.420822143554687500e+00 1.409633636474609375e+01 0.000000000000000000e+00 1.525784842669963837e-02
-7.910243988037109375e+00 1.516551208496093750e+01 0.000000000000000000e+00 2.954511046409606934e-01
-8.681945800781250000e+00 1.585061645507812500e+01 0.000000000000000000e+00 3.195308381691575050e-04
-8.592269897460937500e+00 1.461747741699218750e+01 0.000000000000000000e+00 2.016240898683463456e-07
-7.997131347656250000e+00 1.600506591796875000e+01 0.000000000000000000e+00 3.547437017914489843e-06
-7.570907592773437500e+00 1.693910217285156250e+01 0.000000000000000000e+00 1.347249723039567471e-03
-8.625160217285156250e+00 1.508496093750000000e+01 0.000000000000000000e+00 4.790231855622550938e-07
-7.792160034179687500e+00 1.577893066406250000e+01 0.000000000000000000e+00 1.217482150650539552e-07
-1.059001541137695312e+01 1.612158203125000000e+01 0.000000000000000000e+00 2.945679443655535579e-05
-7.618144989013671875e+00 1.446404266357421875e+01 0.000000000000000000e+00 4.444702881301054731e-06
-1.010581207275390625e+01 1.636330413818359375e+01 0.000000000000000000e+00 1.924304910971841309e-07
-8.591526031494140625e+00 1.668102264404296875e+01 0.000000000000000000e+00 2.461939629938569851e-07
-7.058357238769531250e+00 1.711279296875000000e+01 0.000000000000000000e+00 7.562425453215837479e-04
-7.909454345703125000e+00 1.748171997070312500e+01 0.000000000000000000e+00 5.055695655755698681e-04
-9.441253662109375000e+00 1.366732788085937500e+01 0.000000000000000000e+00 3.250752058647776721e-07
-9.716018676757812500e+00 1.772787475585937500e+01 0.000000000000000000e+00 9.204006346408277750e-05
-7.973667144775390625e+00 1.631970977783203125e+01 0.000000000000000000e+00 1.128127451011096127e-06
-1.002432632446289062e+01 1.668706512451171875e+01 0.000000000000000000e+00 3.160785979616775876e-07
3.242248535156250000e+00 -5.149364471435546875e+00 0.000000000000000000e+00 1.079493574798107147e-02
2.208335876464843750e+00 -3.334865570068359375e+00 0.000000000000000000e+00 6.035887636244297028e-03
3.964523315429687500e+00 -5.142642974853515625e+00 0.000000000000000000e+00 2.497050678357481956e-03
2.736747741699218750e+00 -4.654296875000000000e+00 0.000000000000000000e+00 1.310514379292726517e-02
5.274436950683593750e+00 -4.326793670654296875e+00 0.000000000000000000e+00 2.284214794635772705e-01
5.067050933837890625e+00 -5.667331695556640625e+00 0.000000000000000000e+00 1.405903021804988384e-03
2.573150634765625000e+00 -5.878890991210937500e+00 0.000000000000000000e+00 4.111641645431518555e-02
6.338134765625000000e+00 -3.854209899902343750e+00 0.000000000000000000e+00 6.022083014249801636e-02
5.875576019287109375e+00 -4.309417724609375000e+00 0.000000000000000000e+00 3.376559019088745117e-01
6.397262573242187500e+00 -4.490867614746093750e+00 0.000000000000000000e+00 1.013733167201280594e-02
2.783508300781250000e+00 -4.110183715820312500e+00 0.000000000000000000e+00 1.306434511207044125e-03
3.832904815673828125e+00 -4.397197723388671875e+00 0.000000000000000000e+00 7.503135129809379578e-03
4.976200103759765625e+00 -6.559974670410156250e+00 0.000000000000000000e+00 1.284167636185884476e-02
5.251403808593750000e+00 -5.401107788085937500e+00 0.000000000000000000e+00 2.639855742454528809e-01
4.286617279052734375e+00 -4.938922882080078125e+00 0.000000000000000000e+00 3.055904526263475418e-04
4.701728820800781250e+00 -6.004226684570312500e+00 0.000000000000000000e+00 2.210286993431509472e-07
5.295387268066406250e+00 -4.722381591796875000e+00 0.000000000000000000e+00 5.580540346272755414e-06
5.529228210449218750e+00 -3.645145416259765625e+00 0.000000000000000000e+00 1.507135457359254360e-03
4.581016540527343750e+00 -5.480850219726562500e+00 0.000000000000000000e+00 4.617220383806852624e-07
5.272891998291015625e+00 -4.834842681884765625e+00 0.000000000000000000e+00 1.207082931387049030e-07
2.737148284912109375e+00 -4.555763244628906250e+00 0.000000000000000000e+00 3.609342456911690533e-05
5.594551086425781250e+00 -6.145580291748046875e+00 0.000000000000000000e+00 3.592276925701298751e-06
3.070625305175781250e+00 -4.356800079345703125e+00 0.000000000000000000e+00 2.282735778180722264e-07
4.658462524414062500e+00 -4.189857482910156250e+00 0.000000000000000000e+00 3.485467061636882136e-07
6.065444946289062500e+00 -3.683784484863281250e+00 0.000000000000000000e+00 6.017911946401000023e-04
5.264926910400390625e+00 -3.395240783691406250e+00 0.000000000000000000e+00 4.475746245589107275e-04
3.658641815185546875e+00 -6.848899841308593750e+00 0.000000000000000000e+00 5.003620913157647010e-07
3.467098236083984375e+00 -3.089092254638671875e+00 0.000000000000000000e+00 6.108381785452365875e-05
5.328887939453125000e+00 -4.491760253906250000e+00 0.000000000000000000e+00 1.558999997541832272e-06
3.342769622802734375e+00 -4.011230468750000000e+00 0.000000000000000000e+00 4.161877598107821541e-07
-7.282196044921875000e+00 2.316604614257812500e+00 0.000000000000000000e+00 1.881823688745498657e-02
-8.246494293212890625e+00 4.105781555175781250e+00 0.000000000000000000e+00 1.140517648309469223e-02
-6.374202728271484375e+00 2.344367980957031250e+00 0.000000000000000000e+00 2.949418034404516220e-03
-7.677936553955078125e+00 2.887619018554687500e+00 0.000000000000000000e+00 1.750443875789642334e-02
-5.436828613281250000e+00 3.104820251464843750e+00 0.000000000000000000e+00 2.158985137939453125e-01
-5.571071624755859375e+00 1.949897766113281250e+00 0.000000000000000000e+00 2.167455619201064110e-03
-7.829521179199218750e+00 1.694549560546875000e+00 0.000000000000000000e+00 6.129077076911926270e-02
-4.089317321777343750e+00 3.751182556152343750e+00 0.000000000000000000e+00 9.076838195323944092e-02
-4.571796417236328125e+00 3.194671630859375000e+00 0.000000000000000000e+00 2.897885143756866455e-01
-4.171382904052734375e+00 2.821437835693359375e+00 0.000000000000000000e+00 1.617786288261413574e-02
-7.584892272949218750e+00 3.410076141357421875e+00 0.000000000000000000e+00 1.839935197494924068e-03
-6.683967590332031250e+00 2.993286132812500000e+00 0.000000000000000000e+00 1.563832350075244904e-02
-5.626174926757812500e+00 1.122055053710937500e+00 0.000000000000000000e+00 1.609530113637447357e-02
-5.252826690673828125e+00 2.081558227539062500e+00 0.000000000000000000e+00 2.349358648061752319e-01
-6.090682983398437500e+00 2.505901336669921875e+00 0.000000000000000000e+00 7.933540618978440762e-04
-5.898002624511718750e+00 1.622291564941406250e+00 0.000000000000000000e+00 3.729700779331324156e-07
-5.254360198974609375e+00 2.819751739501953125e+00 0.000000000000000000e+00 1.390704073855886236e-05
-4.937793731689453125e+00 3.875320434570312500e+00 0.000000000000000000e+00 2.137526869773864746e-03
-5.850273132324218750e+00 2.028511047363281250e+00 0.000000000000000000e+00 8.997606641969468910e-07
-5.350631713867187500e+00 2.605541229248046875e+00 0.000000000000000000e+00 3.042961225219187327e-07
-7.745162963867187500e+00 3.008796691894531250e+00 0.000000000000000000e+00 6.844822200946509838e-05
-4.950645446777343750e+00 1.433231353759765625e+00 0.000000000000000000e+00 6.359213330142665654e-06
-7.365161895751953125e+00 3.161273956298828125e+00 0.000000000000000000e+00 5.286933628667611629e-07
-5.797225952148437500e+00 3.121112823486328125e+00 0.000000000000000000e+00 5.382521521823946387e-07
-4.546619415283203125e+00 3.888843536376953125e+00 0.000000000000000000e+00 8.205065387301146984e-04
-5.419712066650390625e+00 4.091342926025390625e+00 0.000000000000000000e+00 7.875025621615350246e-04
-6.766090393066406250e+00 9.490509033203125000e-01 0.000000000000000000e+00 7.316313030969467945e-07
-6.775928497314453125e+00 4.212860107421875000e+00 0.000000000000000000e+00 8.687500667292624712e-05
-5.091396331787109375e+00 2.915542602539062500e+00 0.000000000000000000e+00 2.865275064323213883e-06
-6.983566284179687500e+00 3.485515594482421875e+00 0.000000000000000000e+00 1.170234440905915108e-06
-9.990474700927734375e+00 1.534745788574218750e+01 0.000000000000000000e+00 7.644881494343280792e-03
-1.123136901855468750e+01 1.704567718505859375e+01 0.000000000000000000e+00 4.294979386031627655e-03
-9.077556610107421875e+00 1.519984436035156250e+01 0.000000000000000000e+00 2.158542396500706673e-03
-1.051783370971679688e+01 1.583798217773437500e+01 0.000000000000000000e+00 1.671899855136871338e-02
-7.897785186767578125e+00 1.614910888671875000e+01 0.000000000000000000e+00 2.384461909532546997e-01
-8.263839721679687500e+00 1.465464782714843750e+01 0.000000000000000000e+00 7.597725489176809788e-04
-1.063223648071289062e+01 1.452933502197265625e+01 0.000000000000000000e+00 7.773703336715698242e-02
-6.784801483154296875e+00 1.685779571533203125e+01 0.000000000000000000e+00 4.246547073125839233e-02
-7.517913818359375000e+00 1.603192138671875000e+01 0.000000000000000000e+00 2.831797003746032715e-01
-6.912422180175781250e+00 1.592840576171875000e+01 0.000000000000000000e+00 1.195598393678665161e-02
-1.038865661621093750e+01 1.633264923095703125e+01 0.000000000000000000e+00 1.511246780864894390e-03
-9.171222686767578125e+00 1.588941955566406250e+01 0.000000000000000000e+00 4.671978764235973358e-03
-8.470390319824218750e+00 1.377565765380859375e+01 0.000000000000000000e+00 1.393427234143018723e-02
-7.868705749511718750e+00 1.487299346923828125e+01 0.000000000000000000e+00 2.911924123764038086e-01
-8.555431365966796875e+00 1.557038879394531250e+01 0.000000000000000000e+00 3.845556639134883881e-04
-8.794548034667968750e+00 1.428221893310546875e+01 0.000000000000000000e+00 1.834928724520068499e-07
-8.086784362792968750e+00 1.570838165283203125e+01 0.000000000000000000e+00 3.492034693408641033e-06
-7.640483856201171875e+00 1.657630157470703125e+01 0.000000000000000000e+00 1.413260237313807011e-03
-8.600334167480468750e+00 1.470491790771484375e+01 0.000000000000000000e+00 4.580845143209444359e-07
-7.771720886230468750e+00 1.538716888427734375e+01 0.000000000000000000e+00 1.548510653037737939e-07
-1.056819534301757812e+01 1.576419067382812500e+01 0.000000000000000000e+00 3.010435466421768069e-05
-7.673576354980468750e+00 1.414543914794921875e+01 0.000000000000000000e+00 4.772312422574032098e-06
-1.017422103881835938e+01 1.605908966064453125e+01 0.000000000000000000e+00 2.248508366164969630e-07
-8.630046844482421875e+00 1.636402893066406250e+01 0.000000000000000000e+00 2.537909722377662547e-07
-6.992755889892578125e+00 1.683596801757812500e+01 0.000000000000000000e+00 7.808360387571156025e-04
-8.000907897949218750e+00 1.737399291992187500e+01 0.000000000000000000e+00 5.995977553538978100e-04
-9.380851745605468750e+00 1.335299682617187500e+01 0.000000000000000000e+00 3.211518446732952725e-07
-9.760612487792968750e+00 1.745913696289062500e+01 0.000000000000000000e+00 1.092386446543969214e-04
-8.022129058837890625e+00 1.603852081298828125e+01 0.000000000000000000e+00 7.497973797399026807e-07
-9.998161315917968750e+00 1.646405029296875000e+01 0.000000000000000000e+00 3.725831447809468955e-07
-8.802471160888671875e+00 -2.052142333984375000e+01 0.000000000000000000e+00 1.038622576743364334e-02
-9.674419403076171875e+00 -1.864979934692382812e+01 0.000000000000000000e+00 6.849092431366443634e-03
-7.904953002929687500e+00 -2.039195632934570312e+01 0.000000000000000000e+00 2.165332669392228127e-03
-9.302574157714843750e+00 -1.986435317993164062e+01 0.000000000000000000e+00 1.241705846041440964e-02
-6.838768005371093750e+00 -1.968549728393554688e+01 0.000000000000000000e+00 2.494813054800033569e-01
-6.974903106689453125e+00 -2.090303039550781250e+01 0.000000000000000000e+00 1.242264173924922943e-03
-9.341903686523437500e+00 -2.115302276611328125e+01 0.000000000000000000e+00 3.843427449464797974e-02
-5.733821868896484375e+00 -1.905463027954101562e+01 0.000000000000000000e+00 6.106454133987426758e-02
-6.125835418701171875e+00 -1.963342285156250000e+01 0.000000000000000000e+00 3.224364817142486572e-01
-5.621471405029296875e+00 -1.982793807983398438e+01 0.000000000000000000e+00 1.460501737892627716e-02
-9.087871551513671875e+00 -1.946398162841796875e+01 0.000000000000000000e+00 1.163118286058306694e-03
-8.125896453857421875e+00 -1.974302673339843750e+01 0.000000000000000000e+00 1.045209262520074844e-02
-7.065444946289062500e+00 -2.181343841552734375e+01 0.000000000000000000e+00 1.218406949192285538e-02
-6.790168762207031250e+00 -2.072490692138671875e+01 0.000000000000000000e+00 2.533443570137023926e-01
-7.633125305175781250e+00 -2.021492004394531250e+01 0.000000000000000000e+00 4.048378323204815388e-04
-7.339252471923828125e+00 -2.118562698364257812e+01 0.000000000000000000e+00 2.672877599252387881e-07
-6.808055877685546875e+00 -2.006509017944335938e+01 0.000000000000000000e+00 6.102070074121002108e-06
-6.526111602783203125e+00 -1.904592514038085938e+01 0.000000000000000000e+00 1.720714149996638298e-03
-7.467826843261718750e+00 -2.075173950195312500e+01 0.000000000000000000e+00 5.933426905357919168e-07
-6.728672027587890625e+00 -2.009855651855468750e+01 0.000000000000000000e+00 1.752404443777777487e-07
-9.280662536621093750e+00 -1.992884063720703125e+01 0.000000000000000000e+00 3.586214734241366386e-05
-6.399642944335937500e+00 -2.142546463012695312e+01 0.000000000000000000e+00 4.719016487797489390e-06
-8.917682647705078125e+00 -1.965571975708007812e+01 0.000000000000000000e+00 3.609594614317757078e-07
-7.346080780029296875e+00 -1.951846694946289062e+01 0.000000000000000000e+00 4.813649070456449408e-07
-5.992507934570312500e+00 -1.897179794311523438e+01 0.000000000000000000e+00 7.227291353046894073e-04
-6.739940643310546875e+00 -1.871283721923828125e+01 0.000000000000000000e+00 7.918618503026664257e-04
-8.305549621582031250e+00 -2.208804321289062500e+01 0.000000000000000000e+00 5.077142759546404704e-07
-8.410106658935546875e+00 -1.844909286499023438e+01 0.000000000000000000e+00 8.283494389615952969e-05
-6.667396545410156250e+00 -1.974015426635742188e+01 0.000000000000000000e+00 2.113758000632515177e-06
-8.524871826171875000e+00 -1.934990310668945312e+01 0.000000000000000000e+00 5.836358809574448969e-07
-1.578533172607421875e+01 -6.067096710205078125e+00 0.000000000000000000e+00 1.080328319221735001e-02
-1.662874221801757812e+01 -4.329181671142578125e+00 0.000000000000000000e+00 6.820089183747768402e-03
-1.478121948242187500e+01 -6.032649993896484375e+00 0.000000000000000000e+00 2.464819001033902168e-03
-1.616917419433593750e+01 -5.470752716064453125e+00 0.000000000000000000e+00 1.323394197970628738e-02
-1.380429458618164062e+01 -5.277862548828125000e+00 0.000000000000000000e+00 2.379261404275894165e-01
-1.392216110229492188e+01 -6.501251220703125000e+00 0.000000000000000000e+00 1.201758859679102898e-03
-1.617513656616210938e+01 -6.692955017089843750e+00 0.000000000000000000e+00 4.549273848533630371e-02
-1.256195831298828125e+01 -4.547466278076171875e+00 0.000000000000000000e+00 7.198185473680496216e-02
-1.309037017822265625e+01 -5.280189514160156250e+00 0.000000000000000000e+00 3.260710537433624268e-01
-1.253977203369140625e+01 -5.466239929199218750e+00 0.000000000000000000e+00 1.724358834326267242e-02
-1.596966934204101562e+01 -5.091697692871093750e+00 0.000000000000000000e+00 1.781396334990859032e-03
-1.498210906982421875e+01 -5.367218017578125000e+00 0.000000000000000000e+00 1.083294954150915146e-02
-1.404051589965820312e+01 -7.342868804931640625e+00 0.000000000000000000e+00 1.216610148549079895e-02
-1.362488174438476562e+01 -6.321861267089843750e+00 0.000000000000000000e+00 2.369070202112197876e-01
-1.448403167724609375e+01 -5.746150970458984375e+00 0.000000000000000000e+00 5.897278897464275360e-04
-1.435284042358398438e+01 -6.836776733398437500e+00 0.000000000000000000e+00 3.275632991517340997e-07
-1.374701309204101562e+01 -5.658203125000000000e+00 0.000000000000000000e+00 8.111658644338604063e-06
-1.341814804077148438e+01 -4.581081390380859375e+00 0.000000000000000000e+00 2.351108007133007050e-03
-1.431536102294921875e+01 -6.385940551757812500e+00 0.000000000000000000e+00 9.087828516385343391e-07
-1.362527465820312500e+01 -5.765136718750000000e+00 0.000000000000000000e+00 3.016330936134181684e-07
-1.614430999755859375e+01 -5.472679138183593750e+00 0.000000000000000000e+00 5.870352470083162189e-05
-1.332693481445312500e+01 -7.008106231689453125e+00 0.000000000000000000e+00 8.132634320645593107e-06
-1.582275009155273438e+01 -5.232620239257812500e+00 0.000000000000000000e+00 4.494658583098498639e-07
-1.427604675292968750e+01 -5.124183654785156250e+00 0.000000000000000000e+00 4.928533030579274055e-07
-1.288440322875976562e+01 -4.544559478759765625e+00 0.000000000000000000e+00 9.826590539887547493e-04
-1.381293869018554688e+01 -4.114852905273437500e+00 0.000000000000000000e+00 9.738242952153086662e-04
-1.511405563354492188e+01 -7.681476593017578125e+00 0.000000000000000000e+00 7.283190370799275115e-07
-1.529436492919921875e+01 -4.080490112304687500e+00 0.000000000000000000e+00 9.519223385723307729e-05
-1.352001190185546875e+01 -5.373863220214843750e+00 0.000000000000000000e+00 1.843222889874596149e-06
-1.541917037963867188e+01 -4.915885925292968750e+00 0.000000000000000000e+00 7.620441238032071851e-07
-2.296693992614746094e+01 -6.874732971191406250e-01 0.000000000000000000e+00 1.177924498915672302e-02
-2.377413558959960938e+01 1.063171386718750000e+00 0.000000000000000000e+00 6.465832702815532684e-03
-2.187009048461914062e+01 -6.218948364257812500e-01 0.000000000000000000e+00 2.221926581114530563e-03
-2.336421775817871094e+01 -3.487777709960937500e-02 0.000000000000000000e+00 1.275246776640415192e-02
-2.098822021484375000e+01 1.055145263671875000e-01 0.000000000000000000e+00 2.305802553892135620e-01
-2.118628692626953125e+01 -1.100688934326171875e+00 0.000000000000000000e+00 1.216818229295313358e-03
-2.337659835815429688e+01 -1.381916046142578125e+00 0.000000000000000000e+00 5.510338023304939270e-02
-1.971299743652343750e+01 8.810081481933593750e-01 0.000000000000000000e+00 6.939906626939773560e-02
-2.027729415893554688e+01 1.580429077148437500e-01 0.000000000000000000e+00 2.993923723697662354e-01
-1.973203277587890625e+01 -1.140937805175781250e-01 0.000000000000000000e+00 1.963469758629798889e-02
-2.323355484008789062e+01 3.928184509277343750e-01 0.000000000000000000e+00 1.605518627911806107e-03
-2.217840385437011719e+01 1.739501953125000000e-03 0.000000000000000000e+00 1.117948256433010101e-02
-2.131616973876953125e+01 -1.935405731201171875e+00 0.000000000000000000e+00 1.173890195786952972e-02
-2.083618164062500000e+01 -9.952888488769531250e-01 0.000000000000000000e+00 2.618546485900878906e-01
-2.158269882202148438e+01 -3.547401428222656250e-01 0.000000000000000000e+00 6.904087495058774948e-04
-2.157829284667968750e+01 -1.385810852050781250e+00 0.000000000000000000e+00 2.775554435174854007e-07
-2.096147537231445312e+01 -2.086105346679687500e-01 0.000000000000000000e+00 8.357284968951717019e-06
-2.051086044311523438e+01 7.823753356933593750e-01 0.000000000000000000e+00 2.212945371866226196e-03
-2.152300262451171875e+01 -9.919090270996093750e-01 0.000000000000000000e+00 7.328292213060194626e-07
-2.082457351684570312e+01 -4.211120605468750000e-01 0.000000000000000000e+00 2.535064425046584802e-07
-2.343610000610351562e+01 -5.187225341796875000e-02 0.000000000000000000e+00 5.366112600313499570e-05
-2.050260162353515625e+01 -1.657859802246093750e+00 0.000000000000000000e+00 6.531261988129699603e-06
-2.302412033081054688e+01 1.481666564941406250e-01 0.000000000000000000e+00 4.170599936514918227e-07
-2.142963790893554688e+01 2.110519409179687500e-01 0.000000000000000000e+00 4.532258230938168708e-07
-2.005453491210937500e+01 9.656867980957031250e-01 0.000000000000000000e+00 9.923683246597647667e-04
-2.091807937622070312e+01 1.210243225097656250e+00 0.000000000000000000e+00 1.010689651593565941e-03
-2.230516624450683594e+01 -2.277576446533203125e+00 0.000000000000000000e+00 5.305977879288548138e-07
-2.237909889221191406e+01 1.343517303466796875e+00 0.000000000000000000e+00 9.513135591987520456e-05
-2.075073242187500000e+01 9.131240844726562500e-02 0.000000000000000000e+00 1.861111172729579266e-06
-2.260239982604980469e+01 4.513854980468750000e-01 0.000000000000000000e+00 7.458162940565671306e-07
5.090000152587890625e+00 2.678623199462890625e+01 0.000000000000000000e+00 8.014866150915622711e-03
3.499767303466796875e+00 2.850577545166015625e+01 0.000000000000000000e+00 5.119757261127233505e-03
5.820369720458984375e+00 2.654058837890625000e+01 0.000000000000000000e+00 2.220639260485768318e-03
4.506530761718750000e+00 2.718669891357421875e+01 0.000000000000000000e+00 2.195938304066658020e-02
7.134803771972656250e+00 2.761791992187500000e+01 0.000000000000000000e+00 2.346204221248626709e-01
6.719383239746093750e+00 2.601600646972656250e+01 0.000000000000000000e+00 8.881289395503699780e-04
4.217514038085937500e+00 2.596884918212890625e+01 0.000000000000000000e+00 1.043401956558227539e-01
8.263023376464843750e+00 2.820301055908203125e+01 0.000000000000000000e+00 4.010445997118949890e-02
7.510021209716796875e+00 2.743729400634765625e+01 0.000000000000000000e+00 2.621531486511230469e-01
8.037841796875000000e+00 2.732147216796875000e+01 0.000000000000000000e+00 8.855021558701992035e-03
4.574333190917968750e+00 2.779169464111328125e+01 0.000000000000000000e+00 1.464265282265841961e-03
5.826953887939453125e+00 2.727846527099609375e+01 0.000000000000000000e+00 4.276586696505546570e-03
6.562545776367187500e+00 2.514794158935546875e+01 0.000000000000000000e+00 2.009625174105167389e-02
7.130233764648437500e+00 2.629921722412109375e+01 0.000000000000000000e+00 2.833367884159088135e-01
6.466674804687500000e+00 2.688951110839843750e+01 0.000000000000000000e+00 3.118974564131349325e-04
6.210090637207031250e+00 2.558513641357421875e+01 0.000000000000000000e+00 1.578894881504311343e-07
7.022258758544921875e+00 2.718396759033203125e+01 0.000000000000000000e+00 3.126911224171635695e-06
7.362121582031250000e+00 2.803671264648437500e+01 0.000000000000000000e+00 1.167436363175511360e-03
6.464221954345703125e+00 2.598024749755859375e+01 0.000000000000000000e+00 3.985583987287100172e-07
7.246971130371093750e+00 2.670816802978515625e+01 0.000000000000000000e+00 1.182542206379366689e-07
4.434989929199218750e+00 2.720960998535156250e+01 0.000000000000000000e+00 2.389126893831416965e-05
7.263740539550781250e+00 2.555364990234375000e+01 0.000000000000000000e+00 3.604521225497592241e-06
4.814605712890625000e+00 2.750642395019531250e+01 0.000000000000000000e+00 2.053879484265053179e-07
6.378253936767578125e+00 2.777191925048828125e+01 0.000000000000000000e+00 1.753366802859090967e-07
8.051197052001953125e+00 2.813008880615234375e+01 0.000000000000000000e+00 5.774430464953184128e-04
6.890861511230468750e+00 2.884403991699218750e+01 0.000000000000000000e+00 3.573964932002127171e-04
5.596836090087890625e+00 2.478713989257812500e+01 0.000000000000000000e+00 2.551269915329612559e-07
5.112297058105468750e+00 2.889088439941406250e+01 0.000000000000000000e+00 1.030194544000551105e-04
6.987686157226562500e+00 2.735182952880859375e+01 0.000000000000000000e+00 6.053406309547426645e-07
4.887889862060546875e+00 2.798248291015625000e+01 0.000000000000000000e+00 3.626555837854539277e-07
-9.952861785888671875e+00 9.445278167724609375e+00 0.000000000000000000e+00 1.131502725183963776e-02
-1.145506286621093750e+01 1.095585632324218750e+01 0.000000000000000000e+00 4.396820440888404846e-03
-9.364746093750000000e+00 9.304225921630859375e+00 0.000000000000000000e+00 2.591540105640888214e-03
-1.071679687500000000e+01 9.799350738525390625e+00 0.000000000000000000e+00 1.676764711737632751e-02
-8.029067993164062500e+00 1.011494445800781250e+01 0.000000000000000000e+00 1.942905783653259277e-01
-8.689018249511718750e+00 8.803009033203125000e+00 0.000000000000000000e+00 1.256491639651358128e-03
-1.065282821655273438e+01 8.493625640869140625e+00 0.000000000000000000e+00 7.012359797954559326e-02
-7.335632324218750000e+00 1.061416625976562500e+01 0.000000000000000000e+00 3.300487995147705078e-02
-8.081993103027343750e+00 1.000160217285156250e+01 0.000000000000000000e+00 2.364530712366104126e-01
-7.480579376220703125e+00 1.000726318359375000e+01 0.000000000000000000e+00 1.030640956014394760e-02
-1.048024749755859375e+01 1.031615447998046875e+01 0.000000000000000000e+00 2.895238110795617104e-03
-9.412048339843750000e+00 9.817359924316406250e+00 0.000000000000000000e+00 3.115633968263864517e-03
-8.802593231201171875e+00 7.820529937744140625e+00 0.000000000000000000e+00 2.236238680779933929e-02
-8.302337646484375000e+00 8.961238861083984375e+00 0.000000000000000000e+00 3.865473568439483643e-01
-8.688758850097656250e+00 9.629642486572265625e+00 0.000000000000000000e+00 3.279533411841839552e-04
-9.291332244873046875e+00 8.239463806152343750e+00 0.000000000000000000e+00 7.559334562756703235e-07
-8.338493347167968750e+00 9.721511840820312500e+00 0.000000000000000000e+00 6.933385975571582094e-06
-8.128314971923828125e+00 1.013799285888671875e+01 0.000000000000000000e+00 1.954709878191351891e-03
-8.937870025634765625e+00 8.622966766357421875e+00 0.000000000000000000e+00 8.945072522692498751e-07
-8.134822845458984375e+00 9.202812194824218750e+00 0.000000000000000000e+00 4.388119521081534913e-07
-1.063783264160156250e+01 9.552883148193359375e+00 0.000000000000000000e+00 4.465710662771016359e-05
-8.213153839111328125e+00 8.252593994140625000e+00 0.000000000000000000e+00 6.932897122169379145e-06
-1.032547760009765625e+01 9.930053710937500000e+00 0.000000000000000000e+00 7.892215307947481051e-07
-8.985992431640625000e+00 1.036576843261718750e+01 0.000000000000000000e+00 1.093347691494273022e-06
-7.438953399658203125e+00 1.068685913085937500e+01 0.000000000000000000e+00 1.246793777681887150e-03
-8.134078979492187500e+00 1.116547393798828125e+01 0.000000000000000000e+00 7.150385645218193531e-04
-9.697525024414062500e+00 7.399955749511718750e+00 0.000000000000000000e+00 7.318245138776546810e-07
-1.001793289184570312e+01 1.146531677246093750e+01 0.000000000000000000e+00 2.615503617562353611e-04
-8.749095916748046875e+00 1.019126892089843750e+01 0.000000000000000000e+00 3.298319370514946058e-06
-1.039976501464843750e+01 1.025441741943359375e+01 0.000000000000000000e+00 8.924486110117868520e-07
4.757617950439453125e+00 2.675563812255859375e+01 0.000000000000000000e+00 7.662324700504541397e-03
3.471271514892578125e+00 2.851563262939453125e+01 0.000000000000000000e+00 4.210351966321468353e-03
5.505477905273437500e+00 2.650238037109375000e+01 0.000000000000000000e+00 2.630904084071516991e-03
4.195812225341796875e+00 2.721113586425781250e+01 0.000000000000000000e+00 1.733620278537273407e-02
6.920097351074218750e+00 2.758364105224609375e+01 0.000000000000000000e+00 2.278875112533569336e-01
6.585895538330078125e+00 2.596837615966796875e+01 0.000000000000000000e+00 1.087042503058910370e-03
3.825515747070312500e+00 2.583589935302734375e+01 0.000000000000000000e+00 8.956431597471237183e-02
7.894115447998046875e+00 2.808226013183593750e+01 0.000000000000000000e+00 5.025075376033782959e-02
7.266601562500000000e+00 2.746501922607421875e+01 0.000000000000000000e+00 2.917233705520629883e-01
7.877723693847656250e+00 2.747630310058593750e+01 0.000000000000000000e+00 8.818436414003372192e-03
4.084049224853515625e+00 2.775760650634765625e+01 0.000000000000000000e+00 1.173227559775114059e-03
5.448585510253906250e+00 2.741135406494140625e+01 0.000000000000000000e+00 4.772163927555084229e-03
6.308464050292968750e+00 2.515223693847656250e+01 0.000000000000000000e+00 1.562579162418842316e-02
6.827632904052734375e+00 2.634574127197265625e+01 0.000000000000000000e+00 2.745866477489471436e-01
5.970222473144531250e+00 2.695413208007812500e+01 0.000000000000000000e+00 2.701458870433270931e-04
6.055904388427734375e+00 2.559349060058593750e+01 0.000000000000000000e+00 1.447400137521981378e-07
6.757770538330078125e+00 2.717025756835937500e+01 0.000000000000000000e+00 2.755830792011693120e-06
7.145996093750000000e+00 2.821673583984375000e+01 0.000000000000000000e+00 1.318160328082740307e-03
6.133880615234375000e+00 2.610020446777343750e+01 0.000000000000000000e+00 3.771207559566391865e-07
6.895317077636718750e+00 2.686558532714843750e+01 0.000000000000000000e+00 7.971409843321453081e-08
4.033039093017578125e+00 2.723276519775390625e+01 0.000000000000000000e+00 2.724479236348997802e-05
7.075778961181640625e+00 2.551100921630859375e+01 0.000000000000000000e+00 3.733218363777268678e-06
4.505134582519531250e+00 2.747731018066406250e+01 0.000000000000000000e+00 1.439079966303324909e-07
6.053050994873046875e+00 2.784813690185546875e+01 0.000000000000000000e+00 1.687803177219393547e-07
7.669319152832031250e+00 2.831908416748046875e+01 0.000000000000000000e+00 5.949303158558905125e-04
6.742969512939453125e+00 2.866026306152343750e+01 0.000000000000000000e+00 3.644033859018236399e-04
5.217163085937500000e+00 2.475063323974609375e+01 0.000000000000000000e+00 3.020991243829485029e-07
4.839756011962890625e+00 2.891578674316406250e+01 0.000000000000000000e+00 8.743304351810365915e-05
6.781555175781250000e+00 2.736302185058593750e+01 0.000000000000000000e+00 6.560045449077733792e-07
4.592552185058593750e+00 2.786451721191406250e+01 0.000000000000000000e+00 2.739862452472152654e-07
