-1.398342276345220192e+01 -3.768505426067007846e+01 -1.441422706463768355e+00 1.743000000000000105e+00 4.980000000000000426e+00 1.689000000000000057e+00 -1.331319662624280031e+00
2.791877346379986591e+01 5.124515975187679651e+00 -1.211756526953619018e+00 1.864999999999999991e+00 4.424999999999999822e+00 1.546999999999999931e+00 -4.577433702483595823e+00
6.301670230821655672e+00 -1.645002691367533521e+00 -1.041904126571136402e+00 1.772000000000000020e+00 4.293999999999999595e+00 1.596999999999999975e+00 -4.514219292281737239e+00
2.057106418481647836e+01 -3.100695879751551587e+01 -1.130220638811280320e+00 2.011000000000000121e+00 5.158999999999999808e+00 1.979000000000000092e+00 -4.501167533321406289e+00
5.925152498863173633e+00 -6.627653857563609918e+00 -1.116273162640189831e+00 1.695999999999999952e+00 4.982999999999999652e+00 1.604000000000000092e+00 -4.519056079300123763e+00
1.438610923223985694e+01 -9.158462648956027241e-01 -9.338720105979579911e-01 1.858999999999999986e+00 4.434000000000000163e+00 1.504000000000000004e+00 -1.390692211930490751e+00
6.127771717100162441e+00 1.102383094374997796e+01 -9.987922646423046391e-01 1.848000000000000087e+00 4.612000000000000099e+00 1.570999999999999952e+00 1.201784807033618563e+00
1.310955106866988551e+01 -8.261076835195902746e+00 -1.077137931699811757e+00 1.812000000000000055e+00 4.288999999999999702e+00 1.711000000000000076e+00 -4.491718391834949919e+00
2.897728204759562054e+00 2.518021069112095134e+01 8.772653988133664038e-01 1.667000000000000037e+00 4.070000000000000284e+00 1.604999999999999982e+00 -3.166847861933939523e+00
2.070537168307824771e+01 2.680055370239472978e+01 -2.841390419001482148e-01 1.602000000000000091e+00 3.954000000000000181e+00 1.375999999999999890e+00 1.108571226913204644e+00
2.193452954928677201e+01 2.434607026028462684e+01 -3.483182624062964305e-01 1.834999999999999964e+00 4.384000000000000341e+00 1.483999999999999986e+00 1.138135781353594389e+00
2.633735439562882164e+01 1.558613124072988398e+01 -7.584654873345615389e-01 1.887999999999999901e+00 4.605999999999999872e+00 1.596999999999999975e+00 -1.877782228336622561e+00
8.525619801552004162e+00 -2.726417499550115764e+01 -1.027283662665022357e+00 1.854000000000000092e+00 5.019000000000000128e+00 2.000000000000000000e+00 -1.344827722271790149e+00
1.752024665663984493e+01 -4.499708154439526453e+01 -4.799592013812183922e-01 2.290999999999999925e+00 5.791000000000000369e+00 2.980999999999999872e+00 -4.483907249324908584e+00
-1.012335560979432225e+00 -3.428584148175931290e+01 -1.241834957499917680e+00 1.689000000000000057e+00 4.653999999999999915e+00 1.610000000000000098e+00 -4.462789989682634406e+00
2.117457552065177495e+01 -2.856076012602583347e+01 -1.357403664410877120e+00 1.794000000000000039e+00 4.445999999999999730e+00 1.578999999999999959e+00 -4.501167533321406289e+00
8.453088704552124355e+00 -2.992832768166846691e+01 -1.312446256205649364e+00 1.858000000000000096e+00 4.863000000000000433e+00 1.627000000000000002e+00 -1.327375446508383794e+00
-1.205362547904341319e+01 -2.934604360067068640e+01 -1.338477801264766009e+00 1.653999999999999915e+00 4.182999999999999829e+00 1.532000000000000028e+00 -1.331319662624281142e+00
2.980566159169296125e-01 -2.983941177837166947e+01 -1.364978108182742789e+00 1.643999999999999906e+00 4.674000000000000377e+00 1.534999999999999920e+00 -4.471044922173080138e+00
3.812247616736453626e+00 -1.365884597211615059e+01 -1.319439122730206027e+00 1.723999999999999977e+00 4.501000000000000334e+00 1.548999999999999932e+00 -4.464147351179666323e+00
2.426450509026932423e+01 -1.210952303245381856e+01 -7.580946073430897547e-01 1.620000000000000107e+00 4.201999999999999957e+00 1.653000000000000025e+00 -4.496769650103760618e+00
1.374571536822702100e+01 -5.810521420937574177e+00 -1.006341423182330441e+00 1.723000000000000087e+00 4.371999999999999886e+00 1.612000000000000099e+00 -1.320420834511621511e+00
9.201220121147025921e+00 2.372224821034606279e+01 4.270642607761605536e-01 1.985999999999999988e+00 4.586000000000000298e+00 1.522000000000000020e+00 9.815731650714756285e-01
-8.231269174061619509e+00 -9.917304384528421224e+00 -1.225487762344765086e+00 1.879000000000000004e+00 5.450999999999999623e+00 2.290999999999999925e+00 -1.344630588799469173e+00
1.302802165362994380e+01 -1.066636010093446174e+01 -1.225294490923336088e+00 1.935000000000000053e+00 4.493999999999999773e+00 1.536999999999999922e+00 -4.567189270399845569e+00
1.119212262528389878e+01 2.122920309714822551e+01 2.095549906702442178e-01 1.985999999999999988e+00 4.586000000000000298e+00 1.705000000000000071e+00 1.213320827491679577e+00
-9.035735688244320940e+00 2.374271941175994982e+01 1.112287389560099760e+00 1.824999999999999956e+00 4.451999999999999957e+00 1.550999999999999934e+00 -3.191668111810052721e+00
7.870599608335427932e-01 -2.754759579985724116e+01 -1.248383728874044918e+00 1.800999999999999934e+00 4.766000000000000014e+00 1.635000000000000009e+00 -4.436140311589115370e+00
-1.081014220388511760e+01 -2.371778795065100809e+01 -1.346331617074009834e+00 1.570999999999999952e+00 4.312999999999999723e+00 1.705000000000000071e+00 -4.528343633638298726e+00
2.543850423833357866e+01 -6.953095391948261650e+00 -1.139526106532817051e+00 1.743999999999999995e+00 4.708000000000000185e+00 1.762999999999999901e+00 -4.470030030467341930e+00
-2.869622334454869694e+00 1.575372960592549454e+01 -3.703275268944788423e-01 1.844000000000000083e+00 4.636999999999999567e+00 1.489000000000000101e+00 2.497913333354770948e-01
9.806461494549699509e+00 -2.478327618258295217e+01 -1.273662715224270325e+00 1.737000000000000099e+00 4.572000000000000064e+00 1.764999999999999902e+00 -4.572058430210800495e+00
-4.372087366555202692e+00 2.490393364338625659e+01 9.372449950534139651e-01 1.897999999999999909e+00 4.511000000000000121e+00 1.824000000000000066e+00 -3.104395794998841662e+00
5.056394437676000386e+00 2.519908752488298731e+01 6.886950935863208612e-01 1.693999999999999950e+00 4.280999999999999694e+00 1.532999999999999918e+00 -3.236665710592631306e+00
-1.510052034610685823e+01 -4.256826463482755685e+01 -1.396163093700037550e+00 1.540000000000000036e+00 4.030999999999999694e+00 1.568000000000000060e+00 -1.331319662624281142e+00
-1.540300140550226793e+01 -5.639590104092624046e+01 -1.050963688365406545e+00 5.949999999999999734e-01 2.367999999999999883e+00 1.320999999999999952e+00 -1.367742530740466922e+00
-1.027058042250049752e+01 -2.102243115152207764e+01 -1.674428873170842325e+00 1.639999999999999902e+00 4.902000000000000135e+00 1.401999999999999913e+00 -1.266898593163841902e+00
2.370879584706344190e+00 -2.045726621076516238e+01 -1.285081372950134249e+00 1.639000000000000012e+00 4.184000000000000163e+00 1.604000000000000092e+00 -4.459736914672444819e+00
1.442423145863362066e+01 1.401582808957087067e+01 -1.808748870828341682e-01 1.985999999999999988e+00 4.586000000000000298e+00 1.705000000000000071e+00 1.213320827491679577e+00
4.922868725466367779e-01 2.280779731951196609e+01 6.240090237844895249e-01 1.667000000000000037e+00 4.070000000000000284e+00 1.604999999999999982e+00 -3.254120162297993168e+00
2.284182700552188194e+00 -5.664840752011802749e+01 -1.985624468701309431e-01 2.883000000000000007e+00 1.208600000000000030e+01 3.419000000000000039e+00 -4.519387671780226157e+00
1.290305035053127991e+00 -2.512555621201124723e+01 -1.366310104977607631e+00 1.659000000000000030e+00 3.831999999999999851e+00 1.548000000000000043e+00 -4.467645689823360300e+00
