1.570134990502266881e+01 -2.562767679160677048e+00 -8.834589441490451334e-01 1.862000000000000099e+00 4.923000000000000043e+00 1.588000000000000078e+00 -2.747987531791680205e-01
6.856743573168736283e+00 1.553090350012677590e+01 -8.057595743672554822e-02 1.743000000000000105e+00 4.980000000000000426e+00 1.689000000000000057e+00 -2.994249689060006769e-01
1.811605190448191394e+01 -1.974314334987405717e+00 -7.815819813986513154e-01 1.806999999999999940e+00 4.750000000000000000e+00 1.449999999999999956e+00 -2.810779559396607841e-01
2.056025283299272388e+01 -1.403201868722467971e+01 -1.658310317374774190e+00 1.955000000000000071e+00 5.104000000000000092e+00 1.645000000000000018e+00 -3.413243009521044868e+00
-5.504334224734662051e+00 -5.185299695802497055e+00 -9.024170729513112388e-01 5.829999999999999627e-01 4.849999999999999867e-01 1.679999999999999938e+00 -1.770461151231714103e+00
3.014097727662590032e+01 -1.124049338495974304e+01 -9.239428194666796657e-01 2.011000000000000121e+00 5.158999999999999808e+00 1.979000000000000092e+00 -3.448345702018296599e+00
7.003641560513504949e+00 3.116204680979512531e+00 -1.013483890289480938e+00 1.693999999999999950e+00 4.594000000000000306e+00 1.489000000000000101e+00 -3.403972484053161551e+00
-6.871078962231072396e+00 -8.115457638613928992e+00 -9.675496508583815158e-01 6.360000000000000098e-01 5.799999999999999600e-01 1.697000000000000064e+00 -1.683411642533720443e+00
-7.246755078047421250e+00 5.325557465725042405e+00 -1.026595573123463945e+00 5.060000000000000053e-01 1.879999999999999893e+00 1.205000000000000071e+00 -3.426798368966207597e+00
-8.774636627418908930e+00 -1.238253013135782510e+00 -1.171722995365331643e+00 5.719999999999999529e-01 2.194999999999999840e+00 1.288999999999999924e+00 -3.438458245926405255e+00
5.320427622805355128e+01 8.684845436075061542e+00 1.502058488042591344e+00 1.858999999999999986e+00 4.434000000000000163e+00 1.504000000000000004e+00 -3.379342074178064426e-01
3.496917830776920511e+01 -9.713127635431357376e+00 -8.737564664030473827e-01 1.810000000000000053e+00 4.556000000000000050e+00 1.485000000000000098e+00 -3.448345702018296599e+00
-5.339168886254612723e+00 1.256094833240850406e+01 -6.486803350156343795e-01 6.590000000000000302e-01 1.868999999999999995e+00 1.185999999999999943e+00 -3.479771784003415025e+00
6.990473227879392937e+01 3.187678126126544242e+01 5.509570855776727782e+00 1.667000000000000037e+00 4.070000000000000284e+00 1.604999999999999982e+00 -2.146731791112332921e+00
-6.184905437409295992e+00 -1.103094306895335031e+01 -1.367860279385704647e+00 6.360000000000000098e-01 5.799999999999999600e-01 1.280999999999999917e+00 -1.683411642533720443e+00
-1.023572628399922912e+01 4.331768274946286468e+00 -7.457536704765671542e-01 7.249999999999999778e-01 2.612000000000000099e+00 1.526000000000000023e+00 -3.149377992059299025e-01
-6.804652665186807781e+00 -6.409649088803273997e+00 -7.909293279802649401e-01 6.460000000000000187e-01 5.530000000000000471e-01 1.725000000000000089e+00 -1.874948010250456765e+00
2.743199006643667914e+01 9.258603427700229371e-01 1.201430327433892081e-01 1.854000000000000092e+00 5.019000000000000128e+00 2.000000000000000000e+00 -2.919744131405441756e-01
2.330803299323724431e+01 -1.317396872386146356e+01 -1.323500742632671701e+00 2.168000000000000149e+00 5.001000000000000334e+00 1.830999999999999961e+00 -3.413243009521044868e+00
2.557214674835780954e+01 -1.264731426186592245e+01 -1.322093072845786033e+00 2.005999999999999783e+00 4.764999999999999680e+00 1.548000000000000043e+00 -3.413243009521044868e+00
3.304508697711591465e-03 1.309902216070186043e+01 -4.920260036626213918e-01 1.598000000000000087e+00 4.304000000000000270e+00 1.485000000000000098e+00 -3.466667842798842880e+00
1.646640577212970769e+01 -1.550126684931173493e+01 -1.199721088906197997e+00 2.290999999999999925e+00 5.791000000000000369e+00 2.980999999999999872e+00 -3.431048500057555906e+00
-7.306924964729984318e+00 -1.181621556693218089e+01 -1.102805031882321707e+00 6.360000000000000098e-01 5.799999999999999600e-01 1.784999999999999920e+00 -1.683411642533720443e+00
-6.276925839144863239e+00 -1.638941035996563755e+01 -1.889029672977839525e+00 8.339999999999999636e-01 1.127999999999999892e+00 1.631999999999999895e+00 -3.138380484212373034e+00
-5.902044691879161142e+00 -4.618746447620171725e-01 -8.584719762234326312e-01 7.339999999999999858e-01 8.169999999999999485e-01 1.806999999999999940e+00 3.915133570675133345e-01
-5.370604310264672776e+00 -9.819977831246442079e+00 -1.013109849651703476e+00 6.360000000000000098e-01 8.639999999999999902e-01 1.836999999999999966e+00 -3.300451848633164431e+00
-6.127737367255143397e+00 -1.158804406084003524e+01 -1.809931876068761936e+00 6.360000000000000098e-01 5.799999999999999600e-01 1.280999999999999917e+00 -1.735639257739737040e+00
1.642739449905159077e+01 5.653794758998379244e+00 -3.817947663228200561e-01 1.689000000000000057e+00 4.653999999999999915e+00 1.610000000000000098e+00 -3.451415337575800990e+00
2.273500942171220984e+01 -7.529369416194952036e-01 -5.493564078920200044e-01 1.860000000000000098e+00 4.982999999999999652e+00 1.602999999999999980e+00 -2.549982899412794879e-01
2.509547503209270047e+01 -8.183498820862404599e-02 -3.884487625194820160e-01 1.858000000000000096e+00 4.863000000000000433e+00 1.627000000000000002e+00 -2.744839147805135937e-01
-8.049390104858453299e+00 4.577565465139941558e+00 -8.587087636447201522e-01 6.660000000000000364e-01 2.024999999999999911e+00 1.399000000000000021e+00 -3.438458245926405255e+00
1.507402802922520735e+01 1.780828713923688511e+01 3.222018082947462059e-01 1.653999999999999915e+00 4.182999999999999829e+00 1.532000000000000028e+00 -2.784368590533927712e-01
2.086529206414608240e+01 6.898664407554109701e+00 -1.957255323452223306e-01 1.643999999999999906e+00 4.674000000000000377e+00 1.534999999999999920e+00 -3.422530658445175789e+00
3.658482470331282599e+01 1.167430829492850464e+01 6.111152618343290710e-01 1.723999999999999977e+00 4.501000000000000334e+00 1.548999999999999932e+00 -3.411245081746634433e+00
-5.933521871562505545e+00 -9.710911976117733602e+00 -1.062571536112600246e+00 6.360000000000000098e-01 5.799999999999999600e-01 1.826000000000000068e+00 -1.683411642533720443e+00
-6.826069155421521373e+00 -5.565086194131621866e+00 -8.047442072761045173e-01 6.460000000000000187e-01 5.530000000000000471e-01 1.725000000000000089e+00 -1.874948010250456765e+00
3.403382054351953911e+01 2.430143880140687429e+01 1.544561537247719940e+00 1.879000000000000004e+00 5.450999999999999623e+00 2.290999999999999925e+00 -3.215146488328644026e-01
4.395760229962073851e+01 5.387790272418543580e+00 6.143814583504892957e-01 1.935000000000000053e+00 4.493999999999999773e+00 1.536999999999999922e+00 -3.497013254859205222e+00
-6.466465181225382608e+00 -4.415449380790107625e+00 -7.121527435633551173e-01 6.460000000000000187e-01 5.530000000000000471e-01 1.737000000000000099e+00 -2.739560167778709587e-01
2.332828891361372925e+01 7.565023231756478062e+00 -9.690530708786676550e-02 1.800999999999999934e+00 4.766000000000000014e+00 1.635000000000000009e+00 -3.426901684585497154e+00
2.068289454240963821e+01 1.942321106581670875e+01 6.669454066962904326e-01 1.570999999999999952e+00 4.312999999999999723e+00 1.705000000000000071e+00 -3.465955068094500824e+00
-6.009366676173087285e+00 -9.013354375015302011e+00 -1.059415786167398066e+00 6.360000000000000098e-01 5.799999999999999600e-01 1.697000000000000064e+00 -1.683411642533720443e+00
-6.107191079670985623e+00 -6.866156006387053701e+00 -8.889383629092408867e-01 6.360000000000000098e-01 5.799999999999999600e-01 1.697000000000000064e+00 -1.683411642533720443e+00
-4.197484848848899830e+00 -1.155091953729772669e+01 -1.227461288881812385e+00 6.740000000000000435e-01 8.830000000000000071e-01 1.780000000000000027e+00 -2.874200206962192361e+00
4.476849431911135824e+00 1.504475158872061513e+01 -3.241456506328913578e-01 1.705999999999999961e+00 4.125000000000000000e+00 1.435999999999999943e+00 -2.900970453629387880e-01
5.341493483980619317e+01 -3.701157746892691502e+00 3.489344267174339653e-01 1.743999999999999995e+00 4.708000000000000185e+00 1.762999999999999901e+00 -3.450953088882712905e+00
-5.910947011362133630e+00 -8.208547099984309980e+00 -9.874239836087777000e-01 6.360000000000000098e-01 5.799999999999999600e-01 1.697000000000000064e+00 -1.821872864378808465e-01
2.771550394095969594e+01 -1.178357888098053152e+01 -1.206010616252292333e+00 1.891000000000000014e+00 5.048000000000000043e+00 1.512999999999999901e+00 -3.430733677703871720e+00
-7.416993076511072758e+00 -9.176953133377127036e-01 -1.198420369366306915e+00 5.570000000000000506e-01 1.667000000000000037e+00 1.338999999999999968e+00 -3.479418352325191588e+00
2.265833342843824205e+00 1.397486235536282528e+01 -3.725386483730506182e-01 1.540000000000000036e+00 4.030999999999999694e+00 1.568000000000000060e+00 -2.784370689927986309e-01
-3.827785356605214684e+00 -3.404339280821493929e+01 -2.804746121279933391e+00 8.699999999999999956e-01 1.189000000000000057e+00 1.889000000000000012e+00 -2.327505116718488143e+00
-4.774371118950051951e+00 -1.118067391954783751e+01 -1.106244895990131427e+00 6.740000000000000435e-01 8.830000000000000071e-01 1.828999999999999959e+00 -2.865450279029019054e+00
-9.642260557294289214e+00 7.304591243410011536e+00 -7.609533218143634814e-01 5.949999999999999734e-01 2.367999999999999883e+00 1.320999999999999952e+00 -3.149377992059299025e-01
-8.998519810131382357e+00 -3.338449806736003467e+01 -3.047597787100243760e+00 5.849999999999999645e-01 6.029999999999999805e-01 1.149999999999999911e+00 -2.327505116718488143e+00
-6.519694437967735290e+00 -7.906522624761219697e-01 -1.093977961809489807e+00 5.719999999999999529e-01 1.961000000000000076e+00 1.288999999999999924e+00 -2.968655923366123606e-01
6.580258328234326370e+01 1.646884308289489596e+01 3.259298938333938356e+00 1.985999999999999988e+00 4.586000000000000298e+00 1.705000000000000071e+00 -4.017479410071034707e+00
1.360212836446296336e+01 -3.521162774052573496e+00 -1.039448577578696131e+00 1.770999999999999908e+00 4.267999999999999794e+00 1.643000000000000016e+00 -3.192399404135364271e-01
4.254721675096523548e+00 -1.932036366656649662e+01 -1.156872346786488981e+00 2.883000000000000007e+00 1.208600000000000030e+01 3.419000000000000039e+00 -3.903355712113341536e+00
1.180308014099635194e+01 4.307112973768309594e+00 -5.801955909553625501e-01 1.671999999999999931e+00 4.477999999999999758e+00 1.596999999999999975e+00 -3.417965592941047959e+00
3.722156788955923901e+01 -8.749543962577194023e+00 -6.044282702314157651e-01 1.802999999999999936e+00 4.657000000000000028e+00 1.497999999999999998e+00 -3.448345702018296599e+00
